CS3U 1.696 5.425 0.734 2.120 553 1.16 -4.04 -9.57
CS2U 1.696 3.255 0.734 2.120 553 8.80 7.78 -2.90
CS1U 1.696 1.085 0.734 2.120 553 22.17 17.97 1.18
CS1L 1.696 -1.085 0.734 2.120 553 22.17 17.97 1.18
CS2L 1.696 -3.255 0.734 2.120 553 8.57 12.97 1.60
CS3L 1.696 -5.425 0.734 2.120 553 -5.66 -6.46 -8.41
PF1 3.9431 7.5637 0.959 0.9841 248.6 -5.45 -3.44 -3.45
PF2 8.2847 6.5298 0.5801 0.7146 115.2 2.73 1.94 0.18
PF3 11.9923 3.2652 0.6963 0.9538 185.9 5.50 6.80 5.48
PF4 11.9628 -2.2436 0.6382 0.9538 169.9 3.92 3.50 2.07
PF5 8.3910 -6.7365 0.8125 0.9538 216.8 8.15 10.6 7.07
PF6 4.3340 -7.4760 1.5590 1.1075 459.4 -17.53 -21.84 -17.45
