    9    1  249    1.00
   7.5052e+00   2.0110e+00  -2.3800e+00
   7.4947e+00   2.0499e+00  -2.3800e+00
   7.4840e+00   2.0887e+00  -2.3800e+00
   7.4731e+00   2.1275e+00  -2.3800e+00
   7.4619e+00   2.1662e+00  -2.3800e+00
   7.4506e+00   2.2049e+00  -2.3800e+00
   7.4391e+00   2.2435e+00  -2.3800e+00
   7.4273e+00   2.2820e+00  -2.3800e+00
   7.4154e+00   2.3205e+00  -2.3800e+00
   7.4033e+00   2.3589e+00  -2.3800e+00
   7.3910e+00   2.3972e+00  -2.3800e+00
   7.3784e+00   2.4355e+00  -2.3800e+00
   7.3657e+00   2.4737e+00  -2.3800e+00
   7.3528e+00   2.5119e+00  -2.3800e+00
   7.3397e+00   2.5500e+00  -2.3800e+00
   7.3263e+00   2.5880e+00  -2.3800e+00
   7.3128e+00   2.6259e+00  -2.3800e+00
   7.2991e+00   2.6638e+00  -2.3800e+00
   7.2852e+00   2.7016e+00  -2.3800e+00
   7.2711e+00   2.7393e+00  -2.3800e+00
   7.2568e+00   2.7770e+00  -2.3800e+00
   7.2423e+00   2.8146e+00  -2.3800e+00
   7.2276e+00   2.8521e+00  -2.3800e+00
   7.2127e+00   2.8895e+00  -2.3800e+00
   7.1977e+00   2.9269e+00  -2.3800e+00
   7.1824e+00   2.9641e+00  -2.3800e+00
   7.1669e+00   3.0013e+00  -2.3800e+00
   7.1513e+00   3.0385e+00  -2.3800e+00
   7.1354e+00   3.0755e+00  -2.3800e+00
   7.1194e+00   3.1124e+00  -2.3800e+00
   7.1032e+00   3.1493e+00  -2.3800e+00
   7.0867e+00   3.1861e+00  -2.3800e+00
   7.0701e+00   3.2228e+00  -2.3800e+00
   7.0533e+00   3.2594e+00  -2.3800e+00
   7.0363e+00   3.2959e+00  -2.3800e+00
   7.0191e+00   3.3323e+00  -2.3800e+00
   7.0018e+00   3.3687e+00  -2.3800e+00
   6.9842e+00   3.4049e+00  -2.3800e+00
   6.9665e+00   3.4411e+00  -2.3800e+00
   6.9485e+00   3.4772e+00  -2.3800e+00
   6.9304e+00   3.5131e+00  -2.3800e+00
   6.9121e+00   3.5490e+00  -2.3800e+00
   6.8936e+00   3.5848e+00  -2.3800e+00
   6.8749e+00   3.6205e+00  -2.3800e+00
   6.8561e+00   3.6561e+00  -2.3800e+00
   6.8370e+00   3.6916e+00  -2.3800e+00
   6.8178e+00   3.7270e+00  -2.3800e+00
   6.7984e+00   3.7623e+00  -2.3800e+00
   6.7788e+00   3.7975e+00  -2.3800e+00
   6.7590e+00   3.8326e+00  -2.3800e+00
   6.7391e+00   3.8675e+00  -2.3800e+00
   6.7189e+00   3.9024e+00  -2.3800e+00
   6.6986e+00   3.9372e+00  -2.3800e+00
   6.6781e+00   3.9719e+00  -2.3800e+00
   6.6574e+00   4.0064e+00  -2.3800e+00
   6.6366e+00   4.0409e+00  -2.3800e+00
   6.6155e+00   4.0753e+00  -2.3800e+00
   6.5943e+00   4.1095e+00  -2.3800e+00
   6.5729e+00   4.1436e+00  -2.3800e+00
   6.5513e+00   4.1776e+00  -2.3800e+00
   6.5296e+00   4.2116e+00  -2.3800e+00
   6.5077e+00   4.2453e+00  -2.3800e+00
   6.4856e+00   4.2790e+00  -2.3800e+00
   6.4633e+00   4.3126e+00  -2.3800e+00
   6.4409e+00   4.3460e+00  -2.3800e+00
   6.4183e+00   4.3794e+00  -2.3800e+00
   6.3955e+00   4.4126e+00  -2.3800e+00
   6.3725e+00   4.4457e+00  -2.3800e+00
   6.3494e+00   4.4787e+00  -2.3800e+00
   6.3261e+00   4.5115e+00  -2.3800e+00
   6.3026e+00   4.5443e+00  -2.3800e+00
   6.2790e+00   4.5769e+00  -2.3800e+00
   6.2551e+00   4.6094e+00  -2.3800e+00
   6.2312e+00   4.6417e+00  -2.3800e+00
   6.2070e+00   4.6740e+00  -2.3800e+00
   6.1827e+00   4.7061e+00  -2.3800e+00
   6.1582e+00   4.7381e+00  -2.3800e+00
   6.1336e+00   4.7699e+00  -2.3800e+00
   6.1088e+00   4.8017e+00  -2.3800e+00
   6.0838e+00   4.8333e+00  -2.3800e+00
   6.0587e+00   4.8647e+00  -2.3800e+00
   6.0334e+00   4.8961e+00  -2.3800e+00
   6.0079e+00   4.9273e+00  -2.3800e+00
   5.9823e+00   4.9584e+00  -2.3800e+00
   5.9565e+00   4.9893e+00  -2.3800e+00
   5.9305e+00   5.0201e+00  -2.3800e+00
   5.9044e+00   5.0508e+00  -2.3800e+00
   5.8782e+00   5.0813e+00  -2.3800e+00
   5.8517e+00   5.1118e+00  -2.3800e+00
   5.8252e+00   5.1420e+00  -2.3800e+00
   5.7984e+00   5.1721e+00  -2.3800e+00
   5.7715e+00   5.2021e+00  -2.3800e+00
   5.7445e+00   5.2320e+00  -2.3800e+00
   5.7173e+00   5.2617e+00  -2.3800e+00
   5.6899e+00   5.2913e+00  -2.3800e+00
   5.6624e+00   5.3207e+00  -2.3800e+00
   5.6348e+00   5.3500e+00  -2.3800e+00
   5.6070e+00   5.3791e+00  -2.3800e+00
   5.5790e+00   5.4081e+00  -2.3800e+00
   5.5509e+00   5.4370e+00  -2.3800e+00
   5.5226e+00   5.4657e+00  -2.3800e+00
   5.4942e+00   5.4942e+00  -2.3800e+00
   5.5105e+00   5.5105e+00  -2.3385e+00
   5.5267e+00   5.5267e+00  -2.2970e+00
   5.5430e+00   5.5430e+00  -2.2555e+00
   5.5593e+00   5.5593e+00  -2.2140e+00
   5.5755e+00   5.5755e+00  -2.1725e+00
   5.5918e+00   5.5918e+00  -2.1310e+00
   5.6081e+00   5.6081e+00  -2.0895e+00
   5.6243e+00   5.6243e+00  -2.0480e+00
   5.6406e+00   5.6406e+00  -2.0065e+00
   5.6569e+00   5.6569e+00  -1.9650e+00
   5.6731e+00   5.6731e+00  -1.9235e+00
   5.6894e+00   5.6894e+00  -1.8820e+00
   5.7056e+00   5.7056e+00  -1.8405e+00
   5.7219e+00   5.7219e+00  -1.7990e+00
   5.7382e+00   5.7382e+00  -1.7575e+00
   5.7544e+00   5.7544e+00  -1.7160e+00
   5.7707e+00   5.7707e+00  -1.6745e+00
   5.7870e+00   5.7870e+00  -1.6330e+00
   5.8032e+00   5.8032e+00  -1.5915e+00
   5.8195e+00   5.8195e+00  -1.5500e+00
   5.8479e+00   5.7909e+00  -1.5500e+00
   5.8762e+00   5.7623e+00  -1.5500e+00
   5.9043e+00   5.7334e+00  -1.5500e+00
   5.9323e+00   5.7045e+00  -1.5500e+00
   5.9601e+00   5.6754e+00  -1.5500e+00
   5.9878e+00   5.6461e+00  -1.5500e+00
   6.0154e+00   5.6168e+00  -1.5500e+00
   6.0428e+00   5.5873e+00  -1.5500e+00
   6.0701e+00   5.5576e+00  -1.5500e+00
   6.0972e+00   5.5279e+00  -1.5500e+00
   6.1242e+00   5.4980e+00  -1.5500e+00
   6.1510e+00   5.4679e+00  -1.5500e+00
   6.1777e+00   5.4378e+00  -1.5500e+00
   6.2042e+00   5.4075e+00  -1.5500e+00
   6.2306e+00   5.3770e+00  -1.5500e+00
   6.2568e+00   5.3465e+00  -1.5500e+00
   6.2829e+00   5.3158e+00  -1.5500e+00
   6.3089e+00   5.2850e+00  -1.5500e+00
   6.3346e+00   5.2541e+00  -1.5500e+00
   6.3603e+00   5.2230e+00  -1.5500e+00
   6.3858e+00   5.1918e+00  -1.5500e+00
   6.4111e+00   5.1605e+00  -1.5500e+00
   6.4363e+00   5.1291e+00  -1.5500e+00
   6.4613e+00   5.0975e+00  -1.5500e+00
   6.4862e+00   5.0658e+00  -1.5500e+00
   6.5109e+00   5.0340e+00  -1.5500e+00
   6.5354e+00   5.0021e+00  -1.5500e+00
   6.5598e+00   4.9701e+00  -1.5500e+00
   6.5841e+00   4.9379e+00  -1.5500e+00
   6.6081e+00   4.9056e+00  -1.5500e+00
   6.6321e+00   4.8732e+00  -1.5500e+00
   6.6558e+00   4.8407e+00  -1.5500e+00
   6.6795e+00   4.8081e+00  -1.5500e+00
   6.7029e+00   4.7754e+00  -1.5500e+00
   6.7262e+00   4.7425e+00  -1.5500e+00
   6.7493e+00   4.7095e+00  -1.5500e+00
   6.7723e+00   4.6764e+00  -1.5500e+00
   6.7951e+00   4.6433e+00  -1.5500e+00
   6.8177e+00   4.6099e+00  -1.5500e+00
   6.8402e+00   4.5765e+00  -1.5500e+00
   6.8625e+00   4.5430e+00  -1.5500e+00
   6.8847e+00   4.5094e+00  -1.5500e+00
   6.9066e+00   4.4756e+00  -1.5500e+00
   6.9285e+00   4.4418e+00  -1.5500e+00
   6.9501e+00   4.4078e+00  -1.5500e+00
   6.9716e+00   4.3738e+00  -1.5500e+00
   6.9929e+00   4.3396e+00  -1.5500e+00
   7.0141e+00   4.3053e+00  -1.5500e+00
   7.0351e+00   4.2709e+00  -1.5500e+00
   7.0559e+00   4.2365e+00  -1.5500e+00
   7.0765e+00   4.2019e+00  -1.5500e+00
   7.0970e+00   4.1672e+00  -1.5500e+00
   7.1173e+00   4.1324e+00  -1.5500e+00
   7.1374e+00   4.0975e+00  -1.5500e+00
   7.1574e+00   4.0626e+00  -1.5500e+00
   7.1772e+00   4.0275e+00  -1.5500e+00
   7.1968e+00   3.9923e+00  -1.5500e+00
   7.2163e+00   3.9571e+00  -1.5500e+00
   7.2355e+00   3.9217e+00  -1.5500e+00
   7.2546e+00   3.8863e+00  -1.5500e+00
   7.2736e+00   3.8507e+00  -1.5500e+00
   7.2923e+00   3.8151e+00  -1.5500e+00
   7.3109e+00   3.7793e+00  -1.5500e+00
   7.3293e+00   3.7435e+00  -1.5500e+00
   7.3476e+00   3.7076e+00  -1.5500e+00
   7.3656e+00   3.6716e+00  -1.5500e+00
   7.3835e+00   3.6355e+00  -1.5500e+00
   7.4012e+00   3.5993e+00  -1.5500e+00
   7.4187e+00   3.5631e+00  -1.5500e+00
   7.4361e+00   3.5267e+00  -1.5500e+00
   7.4532e+00   3.4903e+00  -1.5500e+00
   7.4702e+00   3.4538e+00  -1.5500e+00
   7.4870e+00   3.4172e+00  -1.5500e+00
   7.5037e+00   3.3805e+00  -1.5500e+00
   7.5201e+00   3.3438e+00  -1.5500e+00
   7.5364e+00   3.3069e+00  -1.5500e+00
   7.5525e+00   3.2700e+00  -1.5500e+00
   7.5684e+00   3.2330e+00  -1.5500e+00
   7.5841e+00   3.1959e+00  -1.5500e+00
   7.5997e+00   3.1588e+00  -1.5500e+00
   7.6150e+00   3.1216e+00  -1.5500e+00
   7.6302e+00   3.0843e+00  -1.5500e+00
   7.6452e+00   3.0469e+00  -1.5500e+00
   7.6600e+00   3.0094e+00  -1.5500e+00
   7.6747e+00   2.9719e+00  -1.5500e+00
   7.6891e+00   2.9343e+00  -1.5500e+00
   7.7034e+00   2.8967e+00  -1.5500e+00
   7.7175e+00   2.8589e+00  -1.5500e+00
   7.7314e+00   2.8211e+00  -1.5500e+00
   7.7451e+00   2.7833e+00  -1.5500e+00
   7.7586e+00   2.7453e+00  -1.5500e+00
   7.7720e+00   2.7073e+00  -1.5500e+00
   7.7851e+00   2.6693e+00  -1.5500e+00
   7.7981e+00   2.6311e+00  -1.5500e+00
   7.8109e+00   2.5930e+00  -1.5500e+00
   7.8235e+00   2.5547e+00  -1.5500e+00
   7.8359e+00   2.5164e+00  -1.5500e+00
   7.8481e+00   2.4780e+00  -1.5500e+00
   7.8601e+00   2.4396e+00  -1.5500e+00
   7.8720e+00   2.4011e+00  -1.5500e+00
   7.8836e+00   2.3625e+00  -1.5500e+00
   7.8951e+00   2.3239e+00  -1.5500e+00
   7.9064e+00   2.2853e+00  -1.5500e+00
   7.9174e+00   2.2465e+00  -1.5500e+00
   7.9283e+00   2.2078e+00  -1.5500e+00
   7.9391e+00   2.1690e+00  -1.5500e+00
   7.9496e+00   2.1301e+00  -1.5500e+00
   7.9274e+00   2.1241e+00  -1.5915e+00
   7.9051e+00   2.1182e+00  -1.6330e+00
   7.8829e+00   2.1122e+00  -1.6745e+00
   7.8607e+00   2.1063e+00  -1.7160e+00
   7.8385e+00   2.1003e+00  -1.7575e+00
   7.8163e+00   2.0944e+00  -1.7990e+00
   7.7941e+00   2.0884e+00  -1.8405e+00
   7.7718e+00   2.0825e+00  -1.8820e+00
   7.7496e+00   2.0765e+00  -1.9235e+00
   7.7274e+00   2.0706e+00  -1.9650e+00
   7.7052e+00   2.0646e+00  -2.0065e+00
   7.6830e+00   2.0586e+00  -2.0480e+00
   7.6608e+00   2.0527e+00  -2.0895e+00
   7.6385e+00   2.0467e+00  -2.1310e+00
   7.6163e+00   2.0408e+00  -2.1725e+00
   7.5941e+00   2.0348e+00  -2.2140e+00
   7.5719e+00   2.0289e+00  -2.2555e+00
   7.5497e+00   2.0229e+00  -2.2970e+00
   7.5275e+00   2.0170e+00  -2.3385e+00
   7.5052e+00   2.0110e+00  -2.3800e+00
   4.4567e+00   6.3648e+00  -2.3800e+00
   4.4236e+00   6.3878e+00  -2.3800e+00
   4.3905e+00   6.4107e+00  -2.3800e+00
   4.3572e+00   6.4334e+00  -2.3800e+00
   4.3238e+00   6.4559e+00  -2.3800e+00
   4.2902e+00   6.4782e+00  -2.3800e+00
   4.2566e+00   6.5003e+00  -2.3800e+00
   4.2228e+00   6.5223e+00  -2.3800e+00
   4.1890e+00   6.5441e+00  -2.3800e+00
   4.1550e+00   6.5657e+00  -2.3800e+00
   4.1209e+00   6.5872e+00  -2.3800e+00
   4.0867e+00   6.6085e+00  -2.3800e+00
   4.0524e+00   6.6296e+00  -2.3800e+00
   4.0179e+00   6.6505e+00  -2.3800e+00
   3.9834e+00   6.6712e+00  -2.3800e+00
   3.9488e+00   6.6918e+00  -2.3800e+00
   3.9140e+00   6.7122e+00  -2.3800e+00
   3.8792e+00   6.7324e+00  -2.3800e+00
   3.8442e+00   6.7524e+00  -2.3800e+00
   3.8092e+00   6.7722e+00  -2.3800e+00
   3.7740e+00   6.7919e+00  -2.3800e+00
   3.7388e+00   6.8114e+00  -2.3800e+00
   3.7034e+00   6.8306e+00  -2.3800e+00
   3.6679e+00   6.8498e+00  -2.3800e+00
   3.6324e+00   6.8687e+00  -2.3800e+00
   3.5967e+00   6.8874e+00  -2.3800e+00
   3.5610e+00   6.9060e+00  -2.3800e+00
   3.5251e+00   6.9243e+00  -2.3800e+00
   3.4892e+00   6.9425e+00  -2.3800e+00
   3.4531e+00   6.9605e+00  -2.3800e+00
   3.4170e+00   6.9783e+00  -2.3800e+00
   3.3808e+00   6.9959e+00  -2.3800e+00
   3.3445e+00   7.0134e+00  -2.3800e+00
   3.3081e+00   7.0306e+00  -2.3800e+00
   3.2716e+00   7.0477e+00  -2.3800e+00
   3.2350e+00   7.0645e+00  -2.3800e+00
   3.1983e+00   7.0812e+00  -2.3800e+00
   3.1616e+00   7.0977e+00  -2.3800e+00
   3.1247e+00   7.1140e+00  -2.3800e+00
   3.0878e+00   7.1301e+00  -2.3800e+00
   3.0508e+00   7.1460e+00  -2.3800e+00
   3.0137e+00   7.1617e+00  -2.3800e+00
   2.9766e+00   7.1773e+00  -2.3800e+00
   2.9393e+00   7.1926e+00  -2.3800e+00
   2.9020e+00   7.2077e+00  -2.3800e+00
   2.8646e+00   7.2227e+00  -2.3800e+00
   2.8271e+00   7.2374e+00  -2.3800e+00
   2.7895e+00   7.2520e+00  -2.3800e+00
   2.7519e+00   7.2664e+00  -2.3800e+00
   2.7142e+00   7.2805e+00  -2.3800e+00
   2.6764e+00   7.2945e+00  -2.3800e+00
   2.6386e+00   7.3083e+00  -2.3800e+00
   2.6006e+00   7.3219e+00  -2.3800e+00
   2.5626e+00   7.3352e+00  -2.3800e+00
   2.5246e+00   7.3484e+00  -2.3800e+00
   2.4865e+00   7.3614e+00  -2.3800e+00
   2.4483e+00   7.3742e+00  -2.3800e+00
   2.4100e+00   7.3868e+00  -2.3800e+00
   2.3717e+00   7.3992e+00  -2.3800e+00
   2.3333e+00   7.4114e+00  -2.3800e+00
   2.2948e+00   7.4234e+00  -2.3800e+00
   2.2563e+00   7.4352e+00  -2.3800e+00
   2.2177e+00   7.4468e+00  -2.3800e+00
   2.1791e+00   7.4582e+00  -2.3800e+00
   2.1404e+00   7.4694e+00  -2.3800e+00
   2.1017e+00   7.4804e+00  -2.3800e+00
   2.0629e+00   7.4912e+00  -2.3800e+00
   2.0240e+00   7.5018e+00  -2.3800e+00
   1.9851e+00   7.5121e+00  -2.3800e+00
   1.9461e+00   7.5223e+00  -2.3800e+00
   1.9071e+00   7.5323e+00  -2.3800e+00
   1.8680e+00   7.5421e+00  -2.3800e+00
   1.8289e+00   7.5517e+00  -2.3800e+00
   1.7897e+00   7.5611e+00  -2.3800e+00
   1.7505e+00   7.5703e+00  -2.3800e+00
   1.7112e+00   7.5792e+00  -2.3800e+00
   1.6719e+00   7.5880e+00  -2.3800e+00
   1.6325e+00   7.5966e+00  -2.3800e+00
   1.5931e+00   7.6049e+00  -2.3800e+00
   1.5537e+00   7.6131e+00  -2.3800e+00
   1.5142e+00   7.6210e+00  -2.3800e+00
   1.4747e+00   7.6288e+00  -2.3800e+00
   1.4351e+00   7.6363e+00  -2.3800e+00
   1.3955e+00   7.6437e+00  -2.3800e+00
   1.3559e+00   7.6508e+00  -2.3800e+00
   1.3162e+00   7.6577e+00  -2.3800e+00
   1.2765e+00   7.6644e+00  -2.3800e+00
   1.2367e+00   7.6709e+00  -2.3800e+00
   1.1969e+00   7.6773e+00  -2.3800e+00
   1.1571e+00   7.6834e+00  -2.3800e+00
   1.1173e+00   7.6893e+00  -2.3800e+00
   1.0774e+00   7.6949e+00  -2.3800e+00
   1.0375e+00   7.7004e+00  -2.3800e+00
   9.9755e-01   7.7057e+00  -2.3800e+00
   9.5759e-01   7.7108e+00  -2.3800e+00
   9.1760e-01   7.7156e+00  -2.3800e+00
   8.7759e-01   7.7203e+00  -2.3800e+00
   8.3755e-01   7.7247e+00  -2.3800e+00
   7.9750e-01   7.7290e+00  -2.3800e+00
   7.5742e-01   7.7330e+00  -2.3800e+00
   7.1732e-01   7.7368e+00  -2.3800e+00
   6.7720e-01   7.7404e+00  -2.3800e+00
   6.7920e-01   7.7633e+00  -2.3385e+00
   6.8121e-01   7.7863e+00  -2.2970e+00
   6.8321e-01   7.8092e+00  -2.2555e+00
   6.8522e-01   7.8321e+00  -2.2140e+00
   6.8722e-01   7.8550e+00  -2.1725e+00
   6.8923e-01   7.8779e+00  -2.1310e+00
   6.9123e-01   7.9008e+00  -2.0895e+00
   6.9324e-01   7.9237e+00  -2.0480e+00
   6.9524e-01   7.9466e+00  -2.0065e+00
   6.9725e-01   7.9696e+00  -1.9650e+00
   6.9925e-01   7.9925e+00  -1.9235e+00
   7.0126e-01   8.0154e+00  -1.8820e+00
   7.0326e-01   8.0383e+00  -1.8405e+00
   7.0526e-01   8.0612e+00  -1.7990e+00
   7.0727e-01   8.0841e+00  -1.7575e+00
   7.0927e-01   8.1070e+00  -1.7160e+00
   7.1128e-01   8.1299e+00  -1.6745e+00
   7.1328e-01   8.1529e+00  -1.6330e+00
   7.1529e-01   8.1758e+00  -1.5915e+00
   7.1729e-01   8.1987e+00  -1.5500e+00
   7.5740e-01   8.1951e+00  -1.5500e+00
   7.9750e-01   8.1913e+00  -1.5500e+00
   8.3757e-01   8.1873e+00  -1.5500e+00
   8.7762e-01   8.1831e+00  -1.5500e+00
   9.1766e-01   8.1787e+00  -1.5500e+00
   9.5767e-01   8.1741e+00  -1.5500e+00
   9.9765e-01   8.1693e+00  -1.5500e+00
   1.0376e+00   8.1643e+00  -1.5500e+00
   1.0776e+00   8.1592e+00  -1.5500e+00
   1.1175e+00   8.1538e+00  -1.5500e+00
   1.1574e+00   8.1482e+00  -1.5500e+00
   1.1972e+00   8.1425e+00  -1.5500e+00
   1.2370e+00   8.1365e+00  -1.5500e+00
   1.2768e+00   8.1303e+00  -1.5500e+00
   1.3166e+00   8.1240e+00  -1.5500e+00
   1.3564e+00   8.1175e+00  -1.5500e+00
   1.3961e+00   8.1107e+00  -1.5500e+00
   1.4357e+00   8.1038e+00  -1.5500e+00
   1.4754e+00   8.0967e+00  -1.5500e+00
   1.5150e+00   8.0894e+00  -1.5500e+00
   1.5545e+00   8.0819e+00  -1.5500e+00
   1.5941e+00   8.0741e+00  -1.5500e+00
   1.6336e+00   8.0662e+00  -1.5500e+00
   1.6730e+00   8.0582e+00  -1.5500e+00
   1.7124e+00   8.0499e+00  -1.5500e+00
   1.7518e+00   8.0414e+00  -1.5500e+00
   1.7911e+00   8.0327e+00  -1.5500e+00
   1.8304e+00   8.0239e+00  -1.5500e+00
   1.8697e+00   8.0148e+00  -1.5500e+00
   1.9089e+00   8.0056e+00  -1.5500e+00
   1.9480e+00   7.9961e+00  -1.5500e+00
   1.9871e+00   7.9865e+00  -1.5500e+00
   2.0262e+00   7.9767e+00  -1.5500e+00
   2.0652e+00   7.9667e+00  -1.5500e+00
   2.1041e+00   7.9565e+00  -1.5500e+00
   2.1430e+00   7.9461e+00  -1.5500e+00
   2.1819e+00   7.9355e+00  -1.5500e+00
   2.2207e+00   7.9247e+00  -1.5500e+00
   2.2595e+00   7.9138e+00  -1.5500e+00
   2.2982e+00   7.9026e+00  -1.5500e+00
   2.3368e+00   7.8913e+00  -1.5500e+00
   2.3754e+00   7.8797e+00  -1.5500e+00
   2.4139e+00   7.8680e+00  -1.5500e+00
   2.4524e+00   7.8561e+00  -1.5500e+00
   2.4908e+00   7.8440e+00  -1.5500e+00
   2.5292e+00   7.8317e+00  -1.5500e+00
   2.5675e+00   7.8193e+00  -1.5500e+00
   2.6057e+00   7.8066e+00  -1.5500e+00
   2.6439e+00   7.7938e+00  -1.5500e+00
   2.6820e+00   7.7807e+00  -1.5500e+00
   2.7200e+00   7.7675e+00  -1.5500e+00
   2.7580e+00   7.7541e+00  -1.5500e+00
   2.7959e+00   7.7405e+00  -1.5500e+00
   2.8337e+00   7.7268e+00  -1.5500e+00
   2.8715e+00   7.7128e+00  -1.5500e+00
   2.9092e+00   7.6987e+00  -1.5500e+00
   2.9469e+00   7.6843e+00  -1.5500e+00
   2.9844e+00   7.6698e+00  -1.5500e+00
   3.0219e+00   7.6551e+00  -1.5500e+00
   3.0593e+00   7.6402e+00  -1.5500e+00
   3.0967e+00   7.6252e+00  -1.5500e+00
   3.1340e+00   7.6099e+00  -1.5500e+00
   3.1712e+00   7.5945e+00  -1.5500e+00
   3.2083e+00   7.5789e+00  -1.5500e+00
   3.2453e+00   7.5631e+00  -1.5500e+00
   3.2823e+00   7.5471e+00  -1.5500e+00
   3.3192e+00   7.5310e+00  -1.5500e+00
   3.3560e+00   7.5147e+00  -1.5500e+00
   3.3928e+00   7.4981e+00  -1.5500e+00
   3.4294e+00   7.4814e+00  -1.5500e+00
   3.4660e+00   7.4646e+00  -1.5500e+00
   3.5025e+00   7.4475e+00  -1.5500e+00
   3.5389e+00   7.4303e+00  -1.5500e+00
   3.5752e+00   7.4129e+00  -1.5500e+00
   3.6114e+00   7.3953e+00  -1.5500e+00
   3.6476e+00   7.3775e+00  -1.5500e+00
   3.6836e+00   7.3596e+00  -1.5500e+00
   3.7196e+00   7.3415e+00  -1.5500e+00
   3.7555e+00   7.3232e+00  -1.5500e+00
   3.7913e+00   7.3047e+00  -1.5500e+00
   3.8270e+00   7.2861e+00  -1.5500e+00
   3.8626e+00   7.2673e+00  -1.5500e+00
   3.8981e+00   7.2483e+00  -1.5500e+00
   3.9335e+00   7.2291e+00  -1.5500e+00
   3.9688e+00   7.2098e+00  -1.5500e+00
   4.0041e+00   7.1903e+00  -1.5500e+00
   4.0392e+00   7.1706e+00  -1.5500e+00
   4.0742e+00   7.1508e+00  -1.5500e+00
   4.1092e+00   7.1307e+00  -1.5500e+00
   4.1440e+00   7.1105e+00  -1.5500e+00
   4.1788e+00   7.0902e+00  -1.5500e+00
   4.2134e+00   7.0697e+00  -1.5500e+00
   4.2480e+00   7.0489e+00  -1.5500e+00
   4.2824e+00   7.0281e+00  -1.5500e+00
   4.3167e+00   7.0070e+00  -1.5500e+00
   4.3510e+00   6.9858e+00  -1.5500e+00
   4.3851e+00   6.9645e+00  -1.5500e+00
   4.4191e+00   6.9429e+00  -1.5500e+00
   4.4531e+00   6.9212e+00  -1.5500e+00
   4.4869e+00   6.8993e+00  -1.5500e+00
   4.5206e+00   6.8773e+00  -1.5500e+00
   4.5542e+00   6.8551e+00  -1.5500e+00
   4.5877e+00   6.8327e+00  -1.5500e+00
   4.6211e+00   6.8102e+00  -1.5500e+00
   4.6543e+00   6.7875e+00  -1.5500e+00
   4.6875e+00   6.7646e+00  -1.5500e+00
   4.7205e+00   6.7416e+00  -1.5500e+00
   4.7073e+00   6.7228e+00  -1.5915e+00
   4.6941e+00   6.7039e+00  -1.6330e+00
   4.6810e+00   6.6851e+00  -1.6745e+00
   4.6678e+00   6.6663e+00  -1.7160e+00
   4.6546e+00   6.6474e+00  -1.7575e+00
   4.6414e+00   6.6286e+00  -1.7990e+00
   4.6282e+00   6.6097e+00  -1.8405e+00
   4.6150e+00   6.5909e+00  -1.8820e+00
   4.6018e+00   6.5721e+00  -1.9235e+00
   4.5886e+00   6.5532e+00  -1.9650e+00
   4.5754e+00   6.5344e+00  -2.0065e+00
   4.5622e+00   6.5155e+00  -2.0480e+00
   4.5490e+00   6.4967e+00  -2.0895e+00
   4.5358e+00   6.4779e+00  -2.1310e+00
   4.5227e+00   6.4590e+00  -2.1725e+00
   4.5095e+00   6.4402e+00  -2.2140e+00
   4.4963e+00   6.4213e+00  -2.2555e+00
   4.4831e+00   6.4025e+00  -2.2970e+00
   4.4699e+00   6.3837e+00  -2.3385e+00
   4.4567e+00   6.3648e+00  -2.3800e+00
  -6.7720e-01   7.7404e+00  -2.3800e+00
  -7.1732e-01   7.7368e+00  -2.3800e+00
  -7.5742e-01   7.7330e+00  -2.3800e+00
  -7.9750e-01   7.7290e+00  -2.3800e+00
  -8.3755e-01   7.7247e+00  -2.3800e+00
  -8.7759e-01   7.7203e+00  -2.3800e+00
  -9.1760e-01   7.7156e+00  -2.3800e+00
  -9.5759e-01   7.7108e+00  -2.3800e+00
  -9.9755e-01   7.7057e+00  -2.3800e+00
  -1.0375e+00   7.7004e+00  -2.3800e+00
  -1.0774e+00   7.6949e+00  -2.3800e+00
  -1.1173e+00   7.6893e+00  -2.3800e+00
  -1.1571e+00   7.6834e+00  -2.3800e+00
  -1.1969e+00   7.6773e+00  -2.3800e+00
  -1.2367e+00   7.6709e+00  -2.3800e+00
  -1.2765e+00   7.6644e+00  -2.3800e+00
  -1.3162e+00   7.6577e+00  -2.3800e+00
  -1.3559e+00   7.6508e+00  -2.3800e+00
  -1.3955e+00   7.6437e+00  -2.3800e+00
  -1.4351e+00   7.6363e+00  -2.3800e+00
  -1.4747e+00   7.6288e+00  -2.3800e+00
  -1.5142e+00   7.6210e+00  -2.3800e+00
  -1.5537e+00   7.6131e+00  -2.3800e+00
  -1.5931e+00   7.6049e+00  -2.3800e+00
  -1.6325e+00   7.5966e+00  -2.3800e+00
  -1.6719e+00   7.5880e+00  -2.3800e+00
  -1.7112e+00   7.5792e+00  -2.3800e+00
  -1.7505e+00   7.5703e+00  -2.3800e+00
  -1.7897e+00   7.5611e+00  -2.3800e+00
  -1.8289e+00   7.5517e+00  -2.3800e+00
  -1.8680e+00   7.5421e+00  -2.3800e+00
  -1.9071e+00   7.5323e+00  -2.3800e+00
  -1.9461e+00   7.5223e+00  -2.3800e+00
  -1.9851e+00   7.5121e+00  -2.3800e+00
  -2.0240e+00   7.5018e+00  -2.3800e+00
  -2.0629e+00   7.4912e+00  -2.3800e+00
  -2.1017e+00   7.4804e+00  -2.3800e+00
  -2.1404e+00   7.4694e+00  -2.3800e+00
  -2.1791e+00   7.4582e+00  -2.3800e+00
  -2.2177e+00   7.4468e+00  -2.3800e+00
  -2.2563e+00   7.4352e+00  -2.3800e+00
  -2.2948e+00   7.4234e+00  -2.3800e+00
  -2.3333e+00   7.4114e+00  -2.3800e+00
  -2.3717e+00   7.3992e+00  -2.3800e+00
  -2.4100e+00   7.3868e+00  -2.3800e+00
  -2.4483e+00   7.3742e+00  -2.3800e+00
  -2.4865e+00   7.3614e+00  -2.3800e+00
  -2.5246e+00   7.3484e+00  -2.3800e+00
  -2.5626e+00   7.3352e+00  -2.3800e+00
  -2.6006e+00   7.3219e+00  -2.3800e+00
  -2.6386e+00   7.3083e+00  -2.3800e+00
  -2.6764e+00   7.2945e+00  -2.3800e+00
  -2.7142e+00   7.2805e+00  -2.3800e+00
  -2.7519e+00   7.2664e+00  -2.3800e+00
  -2.7895e+00   7.2520e+00  -2.3800e+00
  -2.8271e+00   7.2374e+00  -2.3800e+00
  -2.8646e+00   7.2227e+00  -2.3800e+00
  -2.9020e+00   7.2077e+00  -2.3800e+00
  -2.9393e+00   7.1926e+00  -2.3800e+00
  -2.9766e+00   7.1773e+00  -2.3800e+00
  -3.0137e+00   7.1617e+00  -2.3800e+00
  -3.0508e+00   7.1460e+00  -2.3800e+00
  -3.0878e+00   7.1301e+00  -2.3800e+00
  -3.1247e+00   7.1140e+00  -2.3800e+00
  -3.1616e+00   7.0977e+00  -2.3800e+00
  -3.1983e+00   7.0812e+00  -2.3800e+00
  -3.2350e+00   7.0645e+00  -2.3800e+00
  -3.2716e+00   7.0477e+00  -2.3800e+00
  -3.3081e+00   7.0306e+00  -2.3800e+00
  -3.3445e+00   7.0134e+00  -2.3800e+00
  -3.3808e+00   6.9959e+00  -2.3800e+00
  -3.4170e+00   6.9783e+00  -2.3800e+00
  -3.4531e+00   6.9605e+00  -2.3800e+00
  -3.4892e+00   6.9425e+00  -2.3800e+00
  -3.5251e+00   6.9243e+00  -2.3800e+00
  -3.5610e+00   6.9060e+00  -2.3800e+00
  -3.5967e+00   6.8874e+00  -2.3800e+00
  -3.6324e+00   6.8687e+00  -2.3800e+00
  -3.6679e+00   6.8498e+00  -2.3800e+00
  -3.7034e+00   6.8306e+00  -2.3800e+00
  -3.7388e+00   6.8114e+00  -2.3800e+00
  -3.7740e+00   6.7919e+00  -2.3800e+00
  -3.8092e+00   6.7722e+00  -2.3800e+00
  -3.8442e+00   6.7524e+00  -2.3800e+00
  -3.8792e+00   6.7324e+00  -2.3800e+00
  -3.9140e+00   6.7122e+00  -2.3800e+00
  -3.9488e+00   6.6918e+00  -2.3800e+00
  -3.9834e+00   6.6712e+00  -2.3800e+00
  -4.0179e+00   6.6505e+00  -2.3800e+00
  -4.0524e+00   6.6296e+00  -2.3800e+00
  -4.0867e+00   6.6085e+00  -2.3800e+00
  -4.1209e+00   6.5872e+00  -2.3800e+00
  -4.1550e+00   6.5657e+00  -2.3800e+00
  -4.1890e+00   6.5441e+00  -2.3800e+00
  -4.2228e+00   6.5223e+00  -2.3800e+00
  -4.2566e+00   6.5003e+00  -2.3800e+00
  -4.2902e+00   6.4782e+00  -2.3800e+00
  -4.3238e+00   6.4559e+00  -2.3800e+00
  -4.3572e+00   6.4334e+00  -2.3800e+00
  -4.3905e+00   6.4107e+00  -2.3800e+00
  -4.4236e+00   6.3878e+00  -2.3800e+00
  -4.4567e+00   6.3648e+00  -2.3800e+00
  -4.4699e+00   6.3837e+00  -2.3385e+00
  -4.4831e+00   6.4025e+00  -2.2970e+00
  -4.4963e+00   6.4213e+00  -2.2555e+00
  -4.5095e+00   6.4402e+00  -2.2140e+00
  -4.5227e+00   6.4590e+00  -2.1725e+00
  -4.5358e+00   6.4779e+00  -2.1310e+00
  -4.5490e+00   6.4967e+00  -2.0895e+00
  -4.5622e+00   6.5155e+00  -2.0480e+00
  -4.5754e+00   6.5344e+00  -2.0065e+00
  -4.5886e+00   6.5532e+00  -1.9650e+00
  -4.6018e+00   6.5721e+00  -1.9235e+00
  -4.6150e+00   6.5909e+00  -1.8820e+00
  -4.6282e+00   6.6097e+00  -1.8405e+00
  -4.6414e+00   6.6286e+00  -1.7990e+00
  -4.6546e+00   6.6474e+00  -1.7575e+00
  -4.6678e+00   6.6663e+00  -1.7160e+00
  -4.6810e+00   6.6851e+00  -1.6745e+00
  -4.6941e+00   6.7039e+00  -1.6330e+00
  -4.7073e+00   6.7228e+00  -1.5915e+00
  -4.7205e+00   6.7416e+00  -1.5500e+00
  -4.6875e+00   6.7646e+00  -1.5500e+00
  -4.6543e+00   6.7875e+00  -1.5500e+00
  -4.6211e+00   6.8102e+00  -1.5500e+00
  -4.5877e+00   6.8327e+00  -1.5500e+00
  -4.5542e+00   6.8551e+00  -1.5500e+00
  -4.5206e+00   6.8773e+00  -1.5500e+00
  -4.4869e+00   6.8993e+00  -1.5500e+00
  -4.4531e+00   6.9212e+00  -1.5500e+00
  -4.4191e+00   6.9429e+00  -1.5500e+00
  -4.3851e+00   6.9645e+00  -1.5500e+00
  -4.3510e+00   6.9858e+00  -1.5500e+00
  -4.3167e+00   7.0070e+00  -1.5500e+00
  -4.2824e+00   7.0281e+00  -1.5500e+00
  -4.2480e+00   7.0489e+00  -1.5500e+00
  -4.2134e+00   7.0697e+00  -1.5500e+00
  -4.1788e+00   7.0902e+00  -1.5500e+00
  -4.1440e+00   7.1105e+00  -1.5500e+00
  -4.1092e+00   7.1307e+00  -1.5500e+00
  -4.0742e+00   7.1508e+00  -1.5500e+00
  -4.0392e+00   7.1706e+00  -1.5500e+00
  -4.0041e+00   7.1903e+00  -1.5500e+00
  -3.9688e+00   7.2098e+00  -1.5500e+00
  -3.9335e+00   7.2291e+00  -1.5500e+00
  -3.8981e+00   7.2483e+00  -1.5500e+00
  -3.8626e+00   7.2673e+00  -1.5500e+00
  -3.8270e+00   7.2861e+00  -1.5500e+00
  -3.7913e+00   7.3047e+00  -1.5500e+00
  -3.7555e+00   7.3232e+00  -1.5500e+00
  -3.7196e+00   7.3415e+00  -1.5500e+00
  -3.6836e+00   7.3596e+00  -1.5500e+00
  -3.6476e+00   7.3775e+00  -1.5500e+00
  -3.6114e+00   7.3953e+00  -1.5500e+00
  -3.5752e+00   7.4129e+00  -1.5500e+00
  -3.5389e+00   7.4303e+00  -1.5500e+00
  -3.5025e+00   7.4475e+00  -1.5500e+00
  -3.4660e+00   7.4646e+00  -1.5500e+00
  -3.4294e+00   7.4814e+00  -1.5500e+00
  -3.3928e+00   7.4981e+00  -1.5500e+00
  -3.3560e+00   7.5147e+00  -1.5500e+00
  -3.3192e+00   7.5310e+00  -1.5500e+00
  -3.2823e+00   7.5471e+00  -1.5500e+00
  -3.2453e+00   7.5631e+00  -1.5500e+00
  -3.2083e+00   7.5789e+00  -1.5500e+00
  -3.1712e+00   7.5945e+00  -1.5500e+00
  -3.1340e+00   7.6099e+00  -1.5500e+00
  -3.0967e+00   7.6252e+00  -1.5500e+00
  -3.0593e+00   7.6402e+00  -1.5500e+00
  -3.0219e+00   7.6551e+00  -1.5500e+00
  -2.9844e+00   7.6698e+00  -1.5500e+00
  -2.9469e+00   7.6843e+00  -1.5500e+00
  -2.9092e+00   7.6987e+00  -1.5500e+00
  -2.8715e+00   7.7128e+00  -1.5500e+00
  -2.8337e+00   7.7268e+00  -1.5500e+00
  -2.7959e+00   7.7405e+00  -1.5500e+00
  -2.7580e+00   7.7541e+00  -1.5500e+00
  -2.7200e+00   7.7675e+00  -1.5500e+00
  -2.6820e+00   7.7807e+00  -1.5500e+00
  -2.6439e+00   7.7938e+00  -1.5500e+00
  -2.6057e+00   7.8066e+00  -1.5500e+00
  -2.5675e+00   7.8193e+00  -1.5500e+00
  -2.5292e+00   7.8317e+00  -1.5500e+00
  -2.4908e+00   7.8440e+00  -1.5500e+00
  -2.4524e+00   7.8561e+00  -1.5500e+00
  -2.4139e+00   7.8680e+00  -1.5500e+00
  -2.3754e+00   7.8797e+00  -1.5500e+00
  -2.3368e+00   7.8913e+00  -1.5500e+00
  -2.2982e+00   7.9026e+00  -1.5500e+00
  -2.2595e+00   7.9138e+00  -1.5500e+00
  -2.2207e+00   7.9247e+00  -1.5500e+00
  -2.1819e+00   7.9355e+00  -1.5500e+00
  -2.1430e+00   7.9461e+00  -1.5500e+00
  -2.1041e+00   7.9565e+00  -1.5500e+00
  -2.0652e+00   7.9667e+00  -1.5500e+00
  -2.0262e+00   7.9767e+00  -1.5500e+00
  -1.9871e+00   7.9865e+00  -1.5500e+00
  -1.9480e+00   7.9961e+00  -1.5500e+00
  -1.9089e+00   8.0056e+00  -1.5500e+00
  -1.8697e+00   8.0148e+00  -1.5500e+00
  -1.8304e+00   8.0239e+00  -1.5500e+00
  -1.7911e+00   8.0327e+00  -1.5500e+00
  -1.7518e+00   8.0414e+00  -1.5500e+00
  -1.7124e+00   8.0499e+00  -1.5500e+00
  -1.6730e+00   8.0582e+00  -1.5500e+00
  -1.6336e+00   8.0662e+00  -1.5500e+00
  -1.5941e+00   8.0741e+00  -1.5500e+00
  -1.5545e+00   8.0819e+00  -1.5500e+00
  -1.5150e+00   8.0894e+00  -1.5500e+00
  -1.4754e+00   8.0967e+00  -1.5500e+00
  -1.4357e+00   8.1038e+00  -1.5500e+00
  -1.3961e+00   8.1107e+00  -1.5500e+00
  -1.3564e+00   8.1175e+00  -1.5500e+00
  -1.3166e+00   8.1240e+00  -1.5500e+00
  -1.2768e+00   8.1303e+00  -1.5500e+00
  -1.2370e+00   8.1365e+00  -1.5500e+00
  -1.1972e+00   8.1425e+00  -1.5500e+00
  -1.1574e+00   8.1482e+00  -1.5500e+00
  -1.1175e+00   8.1538e+00  -1.5500e+00
  -1.0776e+00   8.1592e+00  -1.5500e+00
  -1.0376e+00   8.1643e+00  -1.5500e+00
  -9.9765e-01   8.1693e+00  -1.5500e+00
  -9.5767e-01   8.1741e+00  -1.5500e+00
  -9.1766e-01   8.1787e+00  -1.5500e+00
  -8.7762e-01   8.1831e+00  -1.5500e+00
  -8.3757e-01   8.1873e+00  -1.5500e+00
  -7.9750e-01   8.1913e+00  -1.5500e+00
  -7.5740e-01   8.1951e+00  -1.5500e+00
  -7.1729e-01   8.1987e+00  -1.5500e+00
  -7.1529e-01   8.1758e+00  -1.5915e+00
  -7.1328e-01   8.1529e+00  -1.6330e+00
  -7.1128e-01   8.1299e+00  -1.6745e+00
  -7.0927e-01   8.1070e+00  -1.7160e+00
  -7.0727e-01   8.0841e+00  -1.7575e+00
  -7.0526e-01   8.0612e+00  -1.7990e+00
  -7.0326e-01   8.0383e+00  -1.8405e+00
  -7.0126e-01   8.0154e+00  -1.8820e+00
  -6.9925e-01   7.9925e+00  -1.9235e+00
  -6.9725e-01   7.9696e+00  -1.9650e+00
  -6.9524e-01   7.9466e+00  -2.0065e+00
  -6.9324e-01   7.9237e+00  -2.0480e+00
  -6.9123e-01   7.9008e+00  -2.0895e+00
  -6.8923e-01   7.8779e+00  -2.1310e+00
  -6.8722e-01   7.8550e+00  -2.1725e+00
  -6.8522e-01   7.8321e+00  -2.2140e+00
  -6.8321e-01   7.8092e+00  -2.2555e+00
  -6.8121e-01   7.7863e+00  -2.2970e+00
  -6.7920e-01   7.7633e+00  -2.3385e+00
  -6.7720e-01   7.7404e+00  -2.3800e+00
  -5.4942e+00   5.4942e+00  -2.3800e+00
  -5.5226e+00   5.4657e+00  -2.3800e+00
  -5.5509e+00   5.4370e+00  -2.3800e+00
  -5.5790e+00   5.4081e+00  -2.3800e+00
  -5.6070e+00   5.3791e+00  -2.3800e+00
  -5.6348e+00   5.3500e+00  -2.3800e+00
  -5.6624e+00   5.3207e+00  -2.3800e+00
  -5.6899e+00   5.2913e+00  -2.3800e+00
  -5.7173e+00   5.2617e+00  -2.3800e+00
  -5.7445e+00   5.2320e+00  -2.3800e+00
  -5.7715e+00   5.2021e+00  -2.3800e+00
  -5.7984e+00   5.1721e+00  -2.3800e+00
  -5.8252e+00   5.1420e+00  -2.3800e+00
  -5.8517e+00   5.1118e+00  -2.3800e+00
  -5.8782e+00   5.0813e+00  -2.3800e+00
  -5.9044e+00   5.0508e+00  -2.3800e+00
  -5.9305e+00   5.0201e+00  -2.3800e+00
  -5.9565e+00   4.9893e+00  -2.3800e+00
  -5.9823e+00   4.9584e+00  -2.3800e+00
  -6.0079e+00   4.9273e+00  -2.3800e+00
  -6.0334e+00   4.8961e+00  -2.3800e+00
  -6.0587e+00   4.8647e+00  -2.3800e+00
  -6.0838e+00   4.8333e+00  -2.3800e+00
  -6.1088e+00   4.8017e+00  -2.3800e+00
  -6.1336e+00   4.7699e+00  -2.3800e+00
  -6.1582e+00   4.7381e+00  -2.3800e+00
  -6.1827e+00   4.7061e+00  -2.3800e+00
  -6.2070e+00   4.6740e+00  -2.3800e+00
  -6.2312e+00   4.6417e+00  -2.3800e+00
  -6.2551e+00   4.6094e+00  -2.3800e+00
  -6.2790e+00   4.5769e+00  -2.3800e+00
  -6.3026e+00   4.5443e+00  -2.3800e+00
  -6.3261e+00   4.5115e+00  -2.3800e+00
  -6.3494e+00   4.4787e+00  -2.3800e+00
  -6.3725e+00   4.4457e+00  -2.3800e+00
  -6.3955e+00   4.4126e+00  -2.3800e+00
  -6.4183e+00   4.3794e+00  -2.3800e+00
  -6.4409e+00   4.3460e+00  -2.3800e+00
  -6.4633e+00   4.3126e+00  -2.3800e+00
  -6.4856e+00   4.2790e+00  -2.3800e+00
  -6.5077e+00   4.2453e+00  -2.3800e+00
  -6.5296e+00   4.2116e+00  -2.3800e+00
  -6.5513e+00   4.1776e+00  -2.3800e+00
  -6.5729e+00   4.1436e+00  -2.3800e+00
  -6.5943e+00   4.1095e+00  -2.3800e+00
  -6.6155e+00   4.0753e+00  -2.3800e+00
  -6.6366e+00   4.0409e+00  -2.3800e+00
  -6.6574e+00   4.0064e+00  -2.3800e+00
  -6.6781e+00   3.9719e+00  -2.3800e+00
  -6.6986e+00   3.9372e+00  -2.3800e+00
  -6.7189e+00   3.9024e+00  -2.3800e+00
  -6.7391e+00   3.8675e+00  -2.3800e+00
  -6.7590e+00   3.8326e+00  -2.3800e+00
  -6.7788e+00   3.7975e+00  -2.3800e+00
  -6.7984e+00   3.7623e+00  -2.3800e+00
  -6.8178e+00   3.7270e+00  -2.3800e+00
  -6.8370e+00   3.6916e+00  -2.3800e+00
  -6.8561e+00   3.6561e+00  -2.3800e+00
  -6.8749e+00   3.6205e+00  -2.3800e+00
  -6.8936e+00   3.5848e+00  -2.3800e+00
  -6.9121e+00   3.5490e+00  -2.3800e+00
  -6.9304e+00   3.5131e+00  -2.3800e+00
  -6.9485e+00   3.4772e+00  -2.3800e+00
  -6.9665e+00   3.4411e+00  -2.3800e+00
  -6.9842e+00   3.4049e+00  -2.3800e+00
  -7.0018e+00   3.3687e+00  -2.3800e+00
  -7.0191e+00   3.3323e+00  -2.3800e+00
  -7.0363e+00   3.2959e+00  -2.3800e+00
  -7.0533e+00   3.2594e+00  -2.3800e+00
  -7.0701e+00   3.2228e+00  -2.3800e+00
  -7.0867e+00   3.1861e+00  -2.3800e+00
  -7.1032e+00   3.1493e+00  -2.3800e+00
  -7.1194e+00   3.1124e+00  -2.3800e+00
  -7.1354e+00   3.0755e+00  -2.3800e+00
  -7.1513e+00   3.0385e+00  -2.3800e+00
  -7.1669e+00   3.0013e+00  -2.3800e+00
  -7.1824e+00   2.9641e+00  -2.3800e+00
  -7.1977e+00   2.9269e+00  -2.3800e+00
  -7.2127e+00   2.8895e+00  -2.3800e+00
  -7.2276e+00   2.8521e+00  -2.3800e+00
  -7.2423e+00   2.8146e+00  -2.3800e+00
  -7.2568e+00   2.7770e+00  -2.3800e+00
  -7.2711e+00   2.7393e+00  -2.3800e+00
  -7.2852e+00   2.7016e+00  -2.3800e+00
  -7.2991e+00   2.6638e+00  -2.3800e+00
  -7.3128e+00   2.6259e+00  -2.3800e+00
  -7.3263e+00   2.5880e+00  -2.3800e+00
  -7.3397e+00   2.5500e+00  -2.3800e+00
  -7.3528e+00   2.5119e+00  -2.3800e+00
  -7.3657e+00   2.4737e+00  -2.3800e+00
  -7.3784e+00   2.4355e+00  -2.3800e+00
  -7.3910e+00   2.3972e+00  -2.3800e+00
  -7.4033e+00   2.3589e+00  -2.3800e+00
  -7.4154e+00   2.3205e+00  -2.3800e+00
  -7.4273e+00   2.2820e+00  -2.3800e+00
  -7.4391e+00   2.2435e+00  -2.3800e+00
  -7.4506e+00   2.2049e+00  -2.3800e+00
  -7.4619e+00   2.1662e+00  -2.3800e+00
  -7.4731e+00   2.1275e+00  -2.3800e+00
  -7.4840e+00   2.0887e+00  -2.3800e+00
  -7.4947e+00   2.0499e+00  -2.3800e+00
  -7.5052e+00   2.0110e+00  -2.3800e+00
  -7.5275e+00   2.0170e+00  -2.3385e+00
  -7.5497e+00   2.0229e+00  -2.2970e+00
  -7.5719e+00   2.0289e+00  -2.2555e+00
  -7.5941e+00   2.0348e+00  -2.2140e+00
  -7.6163e+00   2.0408e+00  -2.1725e+00
  -7.6385e+00   2.0467e+00  -2.1310e+00
  -7.6608e+00   2.0527e+00  -2.0895e+00
  -7.6830e+00   2.0586e+00  -2.0480e+00
  -7.7052e+00   2.0646e+00  -2.0065e+00
  -7.7274e+00   2.0706e+00  -1.9650e+00
  -7.7496e+00   2.0765e+00  -1.9235e+00
  -7.7718e+00   2.0825e+00  -1.8820e+00
  -7.7941e+00   2.0884e+00  -1.8405e+00
  -7.8163e+00   2.0944e+00  -1.7990e+00
  -7.8385e+00   2.1003e+00  -1.7575e+00
  -7.8607e+00   2.1063e+00  -1.7160e+00
  -7.8829e+00   2.1122e+00  -1.6745e+00
  -7.9051e+00   2.1182e+00  -1.6330e+00
  -7.9274e+00   2.1241e+00  -1.5915e+00
  -7.9496e+00   2.1301e+00  -1.5500e+00
  -7.9391e+00   2.1690e+00  -1.5500e+00
  -7.9283e+00   2.2078e+00  -1.5500e+00
  -7.9174e+00   2.2465e+00  -1.5500e+00
  -7.9064e+00   2.2853e+00  -1.5500e+00
  -7.8951e+00   2.3239e+00  -1.5500e+00
  -7.8836e+00   2.3625e+00  -1.5500e+00
  -7.8720e+00   2.4011e+00  -1.5500e+00
  -7.8601e+00   2.4396e+00  -1.5500e+00
  -7.8481e+00   2.4780e+00  -1.5500e+00
  -7.8359e+00   2.5164e+00  -1.5500e+00
  -7.8235e+00   2.5547e+00  -1.5500e+00
  -7.8109e+00   2.5930e+00  -1.5500e+00
  -7.7981e+00   2.6311e+00  -1.5500e+00
  -7.7851e+00   2.6693e+00  -1.5500e+00
  -7.7720e+00   2.7073e+00  -1.5500e+00
  -7.7586e+00   2.7453e+00  -1.5500e+00
  -7.7451e+00   2.7833e+00  -1.5500e+00
  -7.7314e+00   2.8211e+00  -1.5500e+00
  -7.7175e+00   2.8589e+00  -1.5500e+00
  -7.7034e+00   2.8967e+00  -1.5500e+00
  -7.6891e+00   2.9343e+00  -1.5500e+00
  -7.6747e+00   2.9719e+00  -1.5500e+00
  -7.6600e+00   3.0094e+00  -1.5500e+00
  -7.6452e+00   3.0469e+00  -1.5500e+00
  -7.6302e+00   3.0843e+00  -1.5500e+00
  -7.6150e+00   3.1216e+00  -1.5500e+00
  -7.5997e+00   3.1588e+00  -1.5500e+00
  -7.5841e+00   3.1959e+00  -1.5500e+00
  -7.5684e+00   3.2330e+00  -1.5500e+00
  -7.5525e+00   3.2700e+00  -1.5500e+00
  -7.5364e+00   3.3069e+00  -1.5500e+00
  -7.5201e+00   3.3438e+00  -1.5500e+00
  -7.5037e+00   3.3805e+00  -1.5500e+00
  -7.4870e+00   3.4172e+00  -1.5500e+00
  -7.4702e+00   3.4538e+00  -1.5500e+00
  -7.4532e+00   3.4903e+00  -1.5500e+00
  -7.4361e+00   3.5267e+00  -1.5500e+00
  -7.4187e+00   3.5631e+00  -1.5500e+00
  -7.4012e+00   3.5993e+00  -1.5500e+00
  -7.3835e+00   3.6355e+00  -1.5500e+00
  -7.3656e+00   3.6716e+00  -1.5500e+00
  -7.3476e+00   3.7076e+00  -1.5500e+00
  -7.3293e+00   3.7435e+00  -1.5500e+00
  -7.3109e+00   3.7793e+00  -1.5500e+00
  -7.2923e+00   3.8151e+00  -1.5500e+00
  -7.2736e+00   3.8507e+00  -1.5500e+00
  -7.2546e+00   3.8863e+00  -1.5500e+00
  -7.2355e+00   3.9217e+00  -1.5500e+00
  -7.2163e+00   3.9571e+00  -1.5500e+00
  -7.1968e+00   3.9923e+00  -1.5500e+00
  -7.1772e+00   4.0275e+00  -1.5500e+00
  -7.1574e+00   4.0626e+00  -1.5500e+00
  -7.1374e+00   4.0975e+00  -1.5500e+00
  -7.1173e+00   4.1324e+00  -1.5500e+00
  -7.0970e+00   4.1672e+00  -1.5500e+00
  -7.0765e+00   4.2019e+00  -1.5500e+00
  -7.0559e+00   4.2365e+00  -1.5500e+00
  -7.0351e+00   4.2709e+00  -1.5500e+00
  -7.0141e+00   4.3053e+00  -1.5500e+00
  -6.9929e+00   4.3396e+00  -1.5500e+00
  -6.9716e+00   4.3738e+00  -1.5500e+00
  -6.9501e+00   4.4078e+00  -1.5500e+00
  -6.9285e+00   4.4418e+00  -1.5500e+00
  -6.9066e+00   4.4756e+00  -1.5500e+00
  -6.8847e+00   4.5094e+00  -1.5500e+00
  -6.8625e+00   4.5430e+00  -1.5500e+00
  -6.8402e+00   4.5765e+00  -1.5500e+00
  -6.8177e+00   4.6099e+00  -1.5500e+00
  -6.7951e+00   4.6433e+00  -1.5500e+00
  -6.7723e+00   4.6764e+00  -1.5500e+00
  -6.7493e+00   4.7095e+00  -1.5500e+00
  -6.7262e+00   4.7425e+00  -1.5500e+00
  -6.7029e+00   4.7754e+00  -1.5500e+00
  -6.6795e+00   4.8081e+00  -1.5500e+00
  -6.6558e+00   4.8407e+00  -1.5500e+00
  -6.6321e+00   4.8732e+00  -1.5500e+00
  -6.6081e+00   4.9056e+00  -1.5500e+00
  -6.5841e+00   4.9379e+00  -1.5500e+00
  -6.5598e+00   4.9701e+00  -1.5500e+00
  -6.5354e+00   5.0021e+00  -1.5500e+00
  -6.5109e+00   5.0340e+00  -1.5500e+00
  -6.4862e+00   5.0658e+00  -1.5500e+00
  -6.4613e+00   5.0975e+00  -1.5500e+00
  -6.4363e+00   5.1291e+00  -1.5500e+00
  -6.4111e+00   5.1605e+00  -1.5500e+00
  -6.3858e+00   5.1918e+00  -1.5500e+00
  -6.3603e+00   5.2230e+00  -1.5500e+00
  -6.3346e+00   5.2541e+00  -1.5500e+00
  -6.3089e+00   5.2850e+00  -1.5500e+00
  -6.2829e+00   5.3158e+00  -1.5500e+00
  -6.2568e+00   5.3465e+00  -1.5500e+00
  -6.2306e+00   5.3770e+00  -1.5500e+00
  -6.2042e+00   5.4075e+00  -1.5500e+00
  -6.1777e+00   5.4378e+00  -1.5500e+00
  -6.1510e+00   5.4679e+00  -1.5500e+00
  -6.1242e+00   5.4980e+00  -1.5500e+00
  -6.0972e+00   5.5279e+00  -1.5500e+00
  -6.0701e+00   5.5576e+00  -1.5500e+00
  -6.0428e+00   5.5873e+00  -1.5500e+00
  -6.0154e+00   5.6168e+00  -1.5500e+00
  -5.9878e+00   5.6461e+00  -1.5500e+00
  -5.9601e+00   5.6754e+00  -1.5500e+00
  -5.9323e+00   5.7045e+00  -1.5500e+00
  -5.9043e+00   5.7334e+00  -1.5500e+00
  -5.8762e+00   5.7623e+00  -1.5500e+00
  -5.8479e+00   5.7909e+00  -1.5500e+00
  -5.8195e+00   5.8195e+00  -1.5500e+00
  -5.8032e+00   5.8032e+00  -1.5915e+00
  -5.7870e+00   5.7870e+00  -1.6330e+00
  -5.7707e+00   5.7707e+00  -1.6745e+00
  -5.7544e+00   5.7544e+00  -1.7160e+00
  -5.7382e+00   5.7382e+00  -1.7575e+00
  -5.7219e+00   5.7219e+00  -1.7990e+00
  -5.7056e+00   5.7056e+00  -1.8405e+00
  -5.6894e+00   5.6894e+00  -1.8820e+00
  -5.6731e+00   5.6731e+00  -1.9235e+00
  -5.6569e+00   5.6569e+00  -1.9650e+00
  -5.6406e+00   5.6406e+00  -2.0065e+00
  -5.6243e+00   5.6243e+00  -2.0480e+00
  -5.6081e+00   5.6081e+00  -2.0895e+00
  -5.5918e+00   5.5918e+00  -2.1310e+00
  -5.5755e+00   5.5755e+00  -2.1725e+00
  -5.5593e+00   5.5593e+00  -2.2140e+00
  -5.5430e+00   5.5430e+00  -2.2555e+00
  -5.5267e+00   5.5267e+00  -2.2970e+00
  -5.5105e+00   5.5105e+00  -2.3385e+00
  -5.4942e+00   5.4942e+00  -2.3800e+00
  -7.7404e+00   6.7720e-01  -2.3800e+00
  -7.7438e+00   6.3706e-01  -2.3800e+00
  -7.7470e+00   5.9691e-01  -2.3800e+00
  -7.7500e+00   5.5674e-01  -2.3800e+00
  -7.7528e+00   5.1656e-01  -2.3800e+00
  -7.7554e+00   4.7636e-01  -2.3800e+00
  -7.7577e+00   4.3615e-01  -2.3800e+00
  -7.7599e+00   3.9592e-01  -2.3800e+00
  -7.7619e+00   3.5569e-01  -2.3800e+00
  -7.7636e+00   3.1545e-01  -2.3800e+00
  -7.7651e+00   2.7519e-01  -2.3800e+00
  -7.7664e+00   2.3494e-01  -2.3800e+00
  -7.7676e+00   1.9467e-01  -2.3800e+00
  -7.7685e+00   1.5440e-01  -2.3800e+00
  -7.7692e+00   1.1412e-01  -2.3800e+00
  -7.7696e+00   7.3847e-02  -2.3800e+00
  -7.7699e+00   3.3567e-02  -2.3800e+00
  -7.7700e+00  -6.7135e-03  -2.3800e+00
  -7.7699e+00  -4.6994e-02  -2.3800e+00
  -7.7695e+00  -8.7273e-02  -2.3800e+00
  -7.7690e+00  -1.2755e-01  -2.3800e+00
  -7.7682e+00  -1.6782e-01  -2.3800e+00
  -7.7672e+00  -2.0809e-01  -2.3800e+00
  -7.7660e+00  -2.4836e-01  -2.3800e+00
  -7.7646e+00  -2.8861e-01  -2.3800e+00
  -7.7630e+00  -3.2886e-01  -2.3800e+00
  -7.7612e+00  -3.6910e-01  -2.3800e+00
  -7.7592e+00  -4.0933e-01  -2.3800e+00
  -7.7570e+00  -4.4955e-01  -2.3800e+00
  -7.7545e+00  -4.8976e-01  -2.3800e+00
  -7.7519e+00  -5.2995e-01  -2.3800e+00
  -7.7491e+00  -5.7013e-01  -2.3800e+00
  -7.7460e+00  -6.1030e-01  -2.3800e+00
  -7.7427e+00  -6.5044e-01  -2.3800e+00
  -7.7393e+00  -6.9057e-01  -2.3800e+00
  -7.7356e+00  -7.3069e-01  -2.3800e+00
  -7.7317e+00  -7.7078e-01  -2.3800e+00
  -7.7276e+00  -8.1085e-01  -2.3800e+00
  -7.7233e+00  -8.5090e-01  -2.3800e+00
  -7.7188e+00  -8.9093e-01  -2.3800e+00
  -7.7140e+00  -9.3093e-01  -2.3800e+00
  -7.7091e+00  -9.7091e-01  -2.3800e+00
  -7.7040e+00  -1.0109e+00  -2.3800e+00
  -7.6986e+00  -1.0508e+00  -2.3800e+00
  -7.6931e+00  -1.0907e+00  -2.3800e+00
  -7.6873e+00  -1.1305e+00  -2.3800e+00
  -7.6813e+00  -1.1704e+00  -2.3800e+00
  -7.6752e+00  -1.2102e+00  -2.3800e+00
  -7.6688e+00  -1.2500e+00  -2.3800e+00
  -7.6622e+00  -1.2897e+00  -2.3800e+00
  -7.6554e+00  -1.3294e+00  -2.3800e+00
  -7.6484e+00  -1.3691e+00  -2.3800e+00
  -7.6412e+00  -1.4087e+00  -2.3800e+00
  -7.6338e+00  -1.4483e+00  -2.3800e+00
  -7.6262e+00  -1.4879e+00  -2.3800e+00
  -7.6184e+00  -1.5274e+00  -2.3800e+00
  -7.6104e+00  -1.5668e+00  -2.3800e+00
  -7.6022e+00  -1.6063e+00  -2.3800e+00
  -7.5937e+00  -1.6457e+00  -2.3800e+00
  -7.5851e+00  -1.6850e+00  -2.3800e+00
  -7.5763e+00  -1.7243e+00  -2.3800e+00
  -7.5672e+00  -1.7636e+00  -2.3800e+00
  -7.5580e+00  -1.8028e+00  -2.3800e+00
  -7.5485e+00  -1.8419e+00  -2.3800e+00
  -7.5389e+00  -1.8810e+00  -2.3800e+00
  -7.5290e+00  -1.9201e+00  -2.3800e+00
  -7.5190e+00  -1.9591e+00  -2.3800e+00
  -7.5087e+00  -1.9981e+00  -2.3800e+00
  -7.4982e+00  -2.0370e+00  -2.3800e+00
  -7.4876e+00  -2.0758e+00  -2.3800e+00
  -7.4767e+00  -2.1146e+00  -2.3800e+00
  -7.4657e+00  -2.1533e+00  -2.3800e+00
  -7.4544e+00  -2.1920e+00  -2.3800e+00
  -7.4429e+00  -2.2306e+00  -2.3800e+00
  -7.4313e+00  -2.2692e+00  -2.3800e+00
  -7.4194e+00  -2.3077e+00  -2.3800e+00
  -7.4073e+00  -2.3461e+00  -2.3800e+00
  -7.3951e+00  -2.3845e+00  -2.3800e+00
  -7.3826e+00  -2.4228e+00  -2.3800e+00
  -7.3700e+00  -2.4610e+00  -2.3800e+00
  -7.3571e+00  -2.4992e+00  -2.3800e+00
  -7.3441e+00  -2.5373e+00  -2.3800e+00
  -7.3308e+00  -2.5753e+00  -2.3800e+00
  -7.3174e+00  -2.6133e+00  -2.3800e+00
  -7.3037e+00  -2.6512e+00  -2.3800e+00
  -7.2899e+00  -2.6890e+00  -2.3800e+00
  -7.2758e+00  -2.7268e+00  -2.3800e+00
  -7.2616e+00  -2.7645e+00  -2.3800e+00
  -7.2472e+00  -2.8021e+00  -2.3800e+00
  -7.2325e+00  -2.8396e+00  -2.3800e+00
  -7.2177e+00  -2.8770e+00  -2.3800e+00
  -7.2027e+00  -2.9144e+00  -2.3800e+00
  -7.1875e+00  -2.9517e+00  -2.3800e+00
  -7.1721e+00  -2.9889e+00  -2.3800e+00
  -7.1565e+00  -3.0261e+00  -2.3800e+00
  -7.1407e+00  -3.0631e+00  -2.3800e+00
  -7.1248e+00  -3.1001e+00  -2.3800e+00
  -7.1086e+00  -3.1370e+00  -2.3800e+00
  -7.0922e+00  -3.1738e+00  -2.3800e+00
  -7.0757e+00  -3.2106e+00  -2.3800e+00
  -7.0589e+00  -3.2472e+00  -2.3800e+00
  -7.0420e+00  -3.2837e+00  -2.3800e+00
  -7.0629e+00  -3.2935e+00  -2.3385e+00
  -7.0837e+00  -3.3032e+00  -2.2970e+00
  -7.1045e+00  -3.3129e+00  -2.2555e+00
  -7.1254e+00  -3.3226e+00  -2.2140e+00
  -7.1462e+00  -3.3323e+00  -2.1725e+00
  -7.1671e+00  -3.3421e+00  -2.1310e+00
  -7.1879e+00  -3.3518e+00  -2.0895e+00
  -7.2088e+00  -3.3615e+00  -2.0480e+00
  -7.2296e+00  -3.3712e+00  -2.0065e+00
  -7.2505e+00  -3.3809e+00  -1.9650e+00
  -7.2713e+00  -3.3907e+00  -1.9235e+00
  -7.2922e+00  -3.4004e+00  -1.8820e+00
  -7.3130e+00  -3.4101e+00  -1.8405e+00
  -7.3338e+00  -3.4198e+00  -1.7990e+00
  -7.3547e+00  -3.4295e+00  -1.7575e+00
  -7.3755e+00  -3.4393e+00  -1.7160e+00
  -7.3964e+00  -3.4490e+00  -1.6745e+00
  -7.4172e+00  -3.4587e+00  -1.6330e+00
  -7.4381e+00  -3.4684e+00  -1.5915e+00
  -7.4589e+00  -3.4781e+00  -1.5500e+00
  -7.4758e+00  -3.4416e+00  -1.5500e+00
  -7.4926e+00  -3.4050e+00  -1.5500e+00
  -7.5092e+00  -3.3683e+00  -1.5500e+00
  -7.5256e+00  -3.3315e+00  -1.5500e+00
  -7.5418e+00  -3.2946e+00  -1.5500e+00
  -7.5578e+00  -3.2577e+00  -1.5500e+00
  -7.5737e+00  -3.2207e+00  -1.5500e+00
  -7.5893e+00  -3.1836e+00  -1.5500e+00
  -7.6048e+00  -3.1464e+00  -1.5500e+00
  -7.6201e+00  -3.1091e+00  -1.5500e+00
  -7.6352e+00  -3.0718e+00  -1.5500e+00
  -7.6502e+00  -3.0344e+00  -1.5500e+00
  -7.6649e+00  -2.9969e+00  -1.5500e+00
  -7.6795e+00  -2.9594e+00  -1.5500e+00
  -7.6939e+00  -2.9218e+00  -1.5500e+00
  -7.7081e+00  -2.8841e+00  -1.5500e+00
  -7.7221e+00  -2.8463e+00  -1.5500e+00
  -7.7360e+00  -2.8085e+00  -1.5500e+00
  -7.7496e+00  -2.7706e+00  -1.5500e+00
  -7.7631e+00  -2.7327e+00  -1.5500e+00
  -7.7764e+00  -2.6947e+00  -1.5500e+00
  -7.7895e+00  -2.6566e+00  -1.5500e+00
  -7.8024e+00  -2.6184e+00  -1.5500e+00
  -7.8151e+00  -2.5802e+00  -1.5500e+00
  -7.8276e+00  -2.5419e+00  -1.5500e+00
  -7.8400e+00  -2.5036e+00  -1.5500e+00
  -7.8521e+00  -2.4652e+00  -1.5500e+00
  -7.8641e+00  -2.4268e+00  -1.5500e+00
  -7.8759e+00  -2.3882e+00  -1.5500e+00
  -7.8875e+00  -2.3497e+00  -1.5500e+00
  -7.8989e+00  -2.3110e+00  -1.5500e+00
  -7.9101e+00  -2.2724e+00  -1.5500e+00
  -7.9211e+00  -2.2336e+00  -1.5500e+00
  -7.9319e+00  -2.1948e+00  -1.5500e+00
  -7.9426e+00  -2.1560e+00  -1.5500e+00
  -7.9530e+00  -2.1171e+00  -1.5500e+00
  -7.9633e+00  -2.0782e+00  -1.5500e+00
  -7.9734e+00  -2.0392e+00  -1.5500e+00
  -7.9833e+00  -2.0001e+00  -1.5500e+00
  -7.9929e+00  -1.9610e+00  -1.5500e+00
  -8.0024e+00  -1.9219e+00  -1.5500e+00
  -8.0118e+00  -1.8827e+00  -1.5500e+00
  -8.0209e+00  -1.8435e+00  -1.5500e+00
  -8.0298e+00  -1.8042e+00  -1.5500e+00
  -8.0385e+00  -1.7649e+00  -1.5500e+00
  -8.0471e+00  -1.7256e+00  -1.5500e+00
  -8.0554e+00  -1.6862e+00  -1.5500e+00
  -8.0636e+00  -1.6467e+00  -1.5500e+00
  -8.0715e+00  -1.6072e+00  -1.5500e+00
  -8.0793e+00  -1.5677e+00  -1.5500e+00
  -8.0869e+00  -1.5282e+00  -1.5500e+00
  -8.0943e+00  -1.4886e+00  -1.5500e+00
  -8.1014e+00  -1.4490e+00  -1.5500e+00
  -8.1084e+00  -1.4093e+00  -1.5500e+00
  -8.1152e+00  -1.3696e+00  -1.5500e+00
  -8.1218e+00  -1.3299e+00  -1.5500e+00
  -8.1283e+00  -1.2901e+00  -1.5500e+00
  -8.1345e+00  -1.2503e+00  -1.5500e+00
  -8.1405e+00  -1.2105e+00  -1.5500e+00
  -8.1463e+00  -1.1706e+00  -1.5500e+00
  -8.1519e+00  -1.1308e+00  -1.5500e+00
  -8.1574e+00  -1.0909e+00  -1.5500e+00
  -8.1626e+00  -1.0509e+00  -1.5500e+00
  -8.1677e+00  -1.0110e+00  -1.5500e+00
  -8.1725e+00  -9.7100e-01  -1.5500e+00
  -8.1772e+00  -9.3100e-01  -1.5500e+00
  -8.1816e+00  -8.9097e-01  -1.5500e+00
  -8.1859e+00  -8.5092e-01  -1.5500e+00
  -8.1900e+00  -8.1086e-01  -1.5500e+00
  -8.1938e+00  -7.7077e-01  -1.5500e+00
  -8.1975e+00  -7.3066e-01  -1.5500e+00
  -8.2010e+00  -6.9054e-01  -1.5500e+00
  -8.2043e+00  -6.5040e-01  -1.5500e+00
  -8.2073e+00  -6.1025e-01  -1.5500e+00
  -8.2102e+00  -5.7008e-01  -1.5500e+00
  -8.2129e+00  -5.2990e-01  -1.5500e+00
  -8.2154e+00  -4.8970e-01  -1.5500e+00
  -8.2177e+00  -4.4949e-01  -1.5500e+00
  -8.2198e+00  -4.0927e-01  -1.5500e+00
  -8.2217e+00  -3.6905e-01  -1.5500e+00
  -8.2234e+00  -3.2881e-01  -1.5500e+00
  -8.2249e+00  -2.8856e-01  -1.5500e+00
  -8.2263e+00  -2.4831e-01  -1.5500e+00
  -8.2274e+00  -2.0806e-01  -1.5500e+00
  -8.2283e+00  -1.6779e-01  -1.5500e+00
  -8.2290e+00  -1.2753e-01  -1.5500e+00
  -8.2295e+00  -8.7257e-02  -1.5500e+00
  -8.2299e+00  -4.6985e-02  -1.5500e+00
  -8.2300e+00  -6.7122e-03  -1.5500e+00
  -8.2299e+00   3.3561e-02  -1.5500e+00
  -8.2297e+00   7.3833e-02  -1.5500e+00
  -8.2292e+00   1.1410e-01  -1.5500e+00
  -8.2286e+00   1.5437e-01  -1.5500e+00
  -8.2277e+00   1.9464e-01  -1.5500e+00
  -8.2266e+00   2.3489e-01  -1.5500e+00
  -8.2254e+00   2.7515e-01  -1.5500e+00
  -8.2240e+00   3.1540e-01  -1.5500e+00
  -8.2223e+00   3.5563e-01  -1.5500e+00
  -8.2205e+00   3.9587e-01  -1.5500e+00
  -8.2184e+00   4.3609e-01  -1.5500e+00
  -8.2162e+00   4.7630e-01  -1.5500e+00
  -8.2138e+00   5.1650e-01  -1.5500e+00
  -8.2112e+00   5.5669e-01  -1.5500e+00
  -8.2083e+00   5.9686e-01  -1.5500e+00
  -8.2053e+00   6.3702e-01  -1.5500e+00
  -8.2021e+00   6.7716e-01  -1.5500e+00
  -8.1987e+00   7.1729e-01  -1.5500e+00
  -8.1758e+00   7.1529e-01  -1.5915e+00
  -8.1529e+00   7.1328e-01  -1.6330e+00
  -8.1299e+00   7.1128e-01  -1.6745e+00
  -8.1070e+00   7.0927e-01  -1.7160e+00
  -8.0841e+00   7.0727e-01  -1.7575e+00
  -8.0612e+00   7.0526e-01  -1.7990e+00
  -8.0383e+00   7.0326e-01  -1.8405e+00
  -8.0154e+00   7.0126e-01  -1.8820e+00
  -7.9925e+00   6.9925e-01  -1.9235e+00
  -7.9696e+00   6.9725e-01  -1.9650e+00
  -7.9466e+00   6.9524e-01  -2.0065e+00
  -7.9237e+00   6.9324e-01  -2.0480e+00
  -7.9008e+00   6.9123e-01  -2.0895e+00
  -7.8779e+00   6.8923e-01  -2.1310e+00
  -7.8550e+00   6.8722e-01  -2.1725e+00
  -7.8321e+00   6.8522e-01  -2.2140e+00
  -7.8092e+00   6.8321e-01  -2.2555e+00
  -7.7863e+00   6.8121e-01  -2.2970e+00
  -7.7633e+00   6.7920e-01  -2.3385e+00
  -7.7404e+00   6.7720e-01  -2.3800e+00
  -6.3648e+00  -4.4567e+00  -2.3800e+00
  -6.3416e+00  -4.4896e+00  -2.3800e+00
  -6.3183e+00  -4.5224e+00  -2.3800e+00
  -6.2947e+00  -4.5551e+00  -2.3800e+00
  -6.2710e+00  -4.5877e+00  -2.3800e+00
  -6.2472e+00  -4.6202e+00  -2.3800e+00
  -6.2231e+00  -4.6525e+00  -2.3800e+00
  -6.1989e+00  -4.6847e+00  -2.3800e+00
  -6.1746e+00  -4.7167e+00  -2.3800e+00
  -6.1500e+00  -4.7487e+00  -2.3800e+00
  -6.1253e+00  -4.7805e+00  -2.3800e+00
  -6.1005e+00  -4.8122e+00  -2.3800e+00
  -6.0754e+00  -4.8438e+00  -2.3800e+00
  -6.0502e+00  -4.8752e+00  -2.3800e+00
  -6.0249e+00  -4.9065e+00  -2.3800e+00
  -5.9994e+00  -4.9377e+00  -2.3800e+00
  -5.9737e+00  -4.9687e+00  -2.3800e+00
  -5.9478e+00  -4.9996e+00  -2.3800e+00
  -5.9218e+00  -5.0304e+00  -2.3800e+00
  -5.8957e+00  -5.0610e+00  -2.3800e+00
  -5.8694e+00  -5.0915e+00  -2.3800e+00
  -5.8429e+00  -5.1219e+00  -2.3800e+00
  -5.8163e+00  -5.1521e+00  -2.3800e+00
  -5.7895e+00  -5.1822e+00  -2.3800e+00
  -5.7625e+00  -5.2121e+00  -2.3800e+00
  -5.7354e+00  -5.2419e+00  -2.3800e+00
  -5.7082e+00  -5.2716e+00  -2.3800e+00
  -5.6808e+00  -5.3011e+00  -2.3800e+00
  -5.6532e+00  -5.3305e+00  -2.3800e+00
  -5.6255e+00  -5.3597e+00  -2.3800e+00
  -5.5977e+00  -5.3888e+00  -2.3800e+00
  -5.5696e+00  -5.4177e+00  -2.3800e+00
  -5.5415e+00  -5.4465e+00  -2.3800e+00
  -5.5132e+00  -5.4752e+00  -2.3800e+00
  -5.4847e+00  -5.5037e+00  -2.3800e+00
  -5.4561e+00  -5.5321e+00  -2.3800e+00
  -5.4274e+00  -5.5603e+00  -2.3800e+00
  -5.3985e+00  -5.5883e+00  -2.3800e+00
  -5.3694e+00  -5.6162e+00  -2.3800e+00
  -5.3402e+00  -5.6440e+00  -2.3800e+00
  -5.3109e+00  -5.6716e+00  -2.3800e+00
  -5.2814e+00  -5.6991e+00  -2.3800e+00
  -5.2518e+00  -5.7264e+00  -2.3800e+00
  -5.2221e+00  -5.7535e+00  -2.3800e+00
  -5.1922e+00  -5.7805e+00  -2.3800e+00
  -5.1621e+00  -5.8074e+00  -2.3800e+00
  -5.1319e+00  -5.8340e+00  -2.3800e+00
  -5.1016e+00  -5.8606e+00  -2.3800e+00
  -5.0712e+00  -5.8869e+00  -2.3800e+00
  -5.0406e+00  -5.9131e+00  -2.3800e+00
  -5.0099e+00  -5.9392e+00  -2.3800e+00
  -4.9790e+00  -5.9651e+00  -2.3800e+00
  -4.9480e+00  -5.9908e+00  -2.3800e+00
  -4.9169e+00  -6.0164e+00  -2.3800e+00
  -4.8856e+00  -6.0418e+00  -2.3800e+00
  -4.8543e+00  -6.0670e+00  -2.3800e+00
  -4.8227e+00  -6.0921e+00  -2.3800e+00
  -4.7911e+00  -6.1171e+00  -2.3800e+00
  -4.7593e+00  -6.1418e+00  -2.3800e+00
  -4.7274e+00  -6.1664e+00  -2.3800e+00
  -4.6954e+00  -6.1908e+00  -2.3800e+00
  -4.6632e+00  -6.2151e+00  -2.3800e+00
  -4.6309e+00  -6.2392e+00  -2.3800e+00
  -4.5985e+00  -6.2631e+00  -2.3800e+00
  -4.5660e+00  -6.2869e+00  -2.3800e+00
  -4.5334e+00  -6.3104e+00  -2.3800e+00
  -4.5006e+00  -6.3339e+00  -2.3800e+00
  -4.4677e+00  -6.3571e+00  -2.3800e+00
  -4.4347e+00  -6.3802e+00  -2.3800e+00
  -4.4015e+00  -6.4031e+00  -2.3800e+00
  -4.3683e+00  -6.4258e+00  -2.3800e+00
  -4.3349e+00  -6.4484e+00  -2.3800e+00
  -4.3014e+00  -6.4708e+00  -2.3800e+00
  -4.2678e+00  -6.4930e+00  -2.3800e+00
  -4.2341e+00  -6.5150e+00  -2.3800e+00
  -4.2003e+00  -6.5369e+00  -2.3800e+00
  -4.1663e+00  -6.5586e+00  -2.3800e+00
  -4.1323e+00  -6.5801e+00  -2.3800e+00
  -4.0981e+00  -6.6014e+00  -2.3800e+00
  -4.0638e+00  -6.6226e+00  -2.3800e+00
  -4.0294e+00  -6.6435e+00  -2.3800e+00
  -3.9949e+00  -6.6643e+00  -2.3800e+00
  -3.9603e+00  -6.6850e+00  -2.3800e+00
  -3.9256e+00  -6.7054e+00  -2.3800e+00
  -3.8908e+00  -6.7257e+00  -2.3800e+00
  -3.8559e+00  -6.7457e+00  -2.3800e+00
  -3.8209e+00  -6.7656e+00  -2.3800e+00
  -3.7857e+00  -6.7854e+00  -2.3800e+00
  -3.7505e+00  -6.8049e+00  -2.3800e+00
  -3.7152e+00  -6.8242e+00  -2.3800e+00
  -3.6798e+00  -6.8434e+00  -2.3800e+00
  -3.6442e+00  -6.8624e+00  -2.3800e+00
  -3.6086e+00  -6.8812e+00  -2.3800e+00
  -3.5729e+00  -6.8998e+00  -2.3800e+00
  -3.5371e+00  -6.9182e+00  -2.3800e+00
  -3.5012e+00  -6.9365e+00  -2.3800e+00
  -3.4652e+00  -6.9545e+00  -2.3800e+00
  -3.4291e+00  -6.9724e+00  -2.3800e+00
  -3.3929e+00  -6.9901e+00  -2.3800e+00
  -3.3566e+00  -7.0076e+00  -2.3800e+00
  -3.3202e+00  -7.0249e+00  -2.3800e+00
  -3.2837e+00  -7.0420e+00  -2.3800e+00
  -3.2935e+00  -7.0629e+00  -2.3385e+00
  -3.3032e+00  -7.0837e+00  -2.2970e+00
  -3.3129e+00  -7.1045e+00  -2.2555e+00
  -3.3226e+00  -7.1254e+00  -2.2140e+00
  -3.3323e+00  -7.1462e+00  -2.1725e+00
  -3.3421e+00  -7.1671e+00  -2.1310e+00
  -3.3518e+00  -7.1879e+00  -2.0895e+00
  -3.3615e+00  -7.2088e+00  -2.0480e+00
  -3.3712e+00  -7.2296e+00  -2.0065e+00
  -3.3809e+00  -7.2505e+00  -1.9650e+00
  -3.3907e+00  -7.2713e+00  -1.9235e+00
  -3.4004e+00  -7.2922e+00  -1.8820e+00
  -3.4101e+00  -7.3130e+00  -1.8405e+00
  -3.4198e+00  -7.3338e+00  -1.7990e+00
  -3.4295e+00  -7.3547e+00  -1.7575e+00
  -3.4393e+00  -7.3755e+00  -1.7160e+00
  -3.4490e+00  -7.3964e+00  -1.6745e+00
  -3.4587e+00  -7.4172e+00  -1.6330e+00
  -3.4684e+00  -7.4381e+00  -1.5915e+00
  -3.4781e+00  -7.4589e+00  -1.5500e+00
  -3.5146e+00  -7.4418e+00  -1.5500e+00
  -3.5510e+00  -7.4245e+00  -1.5500e+00
  -3.5873e+00  -7.4071e+00  -1.5500e+00
  -3.6235e+00  -7.3894e+00  -1.5500e+00
  -3.6596e+00  -7.3716e+00  -1.5500e+00
  -3.6956e+00  -7.3536e+00  -1.5500e+00
  -3.7316e+00  -7.3354e+00  -1.5500e+00
  -3.7674e+00  -7.3171e+00  -1.5500e+00
  -3.8032e+00  -7.2985e+00  -1.5500e+00
  -3.8388e+00  -7.2799e+00  -1.5500e+00
  -3.8744e+00  -7.2610e+00  -1.5500e+00
  -3.9099e+00  -7.2419e+00  -1.5500e+00
  -3.9453e+00  -7.2227e+00  -1.5500e+00
  -3.9806e+00  -7.2033e+00  -1.5500e+00
  -4.0158e+00  -7.1838e+00  -1.5500e+00
  -4.0509e+00  -7.1640e+00  -1.5500e+00
  -4.0859e+00  -7.1441e+00  -1.5500e+00
  -4.1208e+00  -7.1240e+00  -1.5500e+00
  -4.1556e+00  -7.1038e+00  -1.5500e+00
  -4.1903e+00  -7.0834e+00  -1.5500e+00
  -4.2249e+00  -7.0628e+00  -1.5500e+00
  -4.2595e+00  -7.0420e+00  -1.5500e+00
  -4.2939e+00  -7.0211e+00  -1.5500e+00
  -4.3282e+00  -7.0000e+00  -1.5500e+00
  -4.3624e+00  -6.9787e+00  -1.5500e+00
  -4.3965e+00  -6.9573e+00  -1.5500e+00
  -4.4305e+00  -6.9357e+00  -1.5500e+00
  -4.4644e+00  -6.9139e+00  -1.5500e+00
  -4.4981e+00  -6.8920e+00  -1.5500e+00
  -4.5318e+00  -6.8699e+00  -1.5500e+00
  -4.5654e+00  -6.8477e+00  -1.5500e+00
  -4.5988e+00  -6.8252e+00  -1.5500e+00
  -4.6322e+00  -6.8026e+00  -1.5500e+00
  -4.6654e+00  -6.7799e+00  -1.5500e+00
  -4.6985e+00  -6.7570e+00  -1.5500e+00
  -4.7315e+00  -6.7339e+00  -1.5500e+00
  -4.7644e+00  -6.7107e+00  -1.5500e+00
  -4.7972e+00  -6.6873e+00  -1.5500e+00
  -4.8299e+00  -6.6637e+00  -1.5500e+00
  -4.8624e+00  -6.6400e+00  -1.5500e+00
  -4.8949e+00  -6.6161e+00  -1.5500e+00
  -4.9272e+00  -6.5921e+00  -1.5500e+00
  -4.9594e+00  -6.5679e+00  -1.5500e+00
  -4.9914e+00  -6.5436e+00  -1.5500e+00
  -5.0234e+00  -6.5191e+00  -1.5500e+00
  -5.0552e+00  -6.4944e+00  -1.5500e+00
  -5.0870e+00  -6.4696e+00  -1.5500e+00
  -5.1186e+00  -6.4446e+00  -1.5500e+00
  -5.1500e+00  -6.4195e+00  -1.5500e+00
  -5.1814e+00  -6.3942e+00  -1.5500e+00
  -5.2126e+00  -6.3688e+00  -1.5500e+00
  -5.2437e+00  -6.3432e+00  -1.5500e+00
  -5.2747e+00  -6.3175e+00  -1.5500e+00
  -5.3056e+00  -6.2916e+00  -1.5500e+00
  -5.3363e+00  -6.2655e+00  -1.5500e+00
  -5.3669e+00  -6.2394e+00  -1.5500e+00
  -5.3973e+00  -6.2130e+00  -1.5500e+00
  -5.4277e+00  -6.1865e+00  -1.5500e+00
  -5.4579e+00  -6.1599e+00  -1.5500e+00
  -5.4880e+00  -6.1331e+00  -1.5500e+00
  -5.5179e+00  -6.1062e+00  -1.5500e+00
  -5.5477e+00  -6.0791e+00  -1.5500e+00
  -5.5774e+00  -6.0519e+00  -1.5500e+00
  -5.6070e+00  -6.0245e+00  -1.5500e+00
  -5.6364e+00  -5.9970e+00  -1.5500e+00
  -5.6656e+00  -5.9694e+00  -1.5500e+00
  -5.6948e+00  -5.9416e+00  -1.5500e+00
  -5.7238e+00  -5.9136e+00  -1.5500e+00
  -5.7527e+00  -5.8856e+00  -1.5500e+00
  -5.7814e+00  -5.8573e+00  -1.5500e+00
  -5.8100e+00  -5.8290e+00  -1.5500e+00
  -5.8384e+00  -5.8005e+00  -1.5500e+00
  -5.8668e+00  -5.7718e+00  -1.5500e+00
  -5.8949e+00  -5.7431e+00  -1.5500e+00
  -5.9230e+00  -5.7141e+00  -1.5500e+00
  -5.9509e+00  -5.6851e+00  -1.5500e+00
  -5.9786e+00  -5.6559e+00  -1.5500e+00
  -6.0062e+00  -5.6266e+00  -1.5500e+00
  -6.0337e+00  -5.5971e+00  -1.5500e+00
  -6.0610e+00  -5.5675e+00  -1.5500e+00
  -6.0882e+00  -5.5378e+00  -1.5500e+00
  -6.1152e+00  -5.5079e+00  -1.5500e+00
  -6.1421e+00  -5.4780e+00  -1.5500e+00
  -6.1688e+00  -5.4478e+00  -1.5500e+00
  -6.1954e+00  -5.4176e+00  -1.5500e+00
  -6.2218e+00  -5.3872e+00  -1.5500e+00
  -6.2481e+00  -5.3567e+00  -1.5500e+00
  -6.2742e+00  -5.3260e+00  -1.5500e+00
  -6.3002e+00  -5.2953e+00  -1.5500e+00
  -6.3261e+00  -5.2644e+00  -1.5500e+00
  -6.3518e+00  -5.2334e+00  -1.5500e+00
  -6.3773e+00  -5.2022e+00  -1.5500e+00
  -6.4027e+00  -5.1710e+00  -1.5500e+00
  -6.4279e+00  -5.1396e+00  -1.5500e+00
  -6.4530e+00  -5.1080e+00  -1.5500e+00
  -6.4779e+00  -5.0764e+00  -1.5500e+00
  -6.5026e+00  -5.0446e+00  -1.5500e+00
  -6.5273e+00  -5.0128e+00  -1.5500e+00
  -6.5517e+00  -4.9808e+00  -1.5500e+00
  -6.5760e+00  -4.9486e+00  -1.5500e+00
  -6.6001e+00  -4.9164e+00  -1.5500e+00
  -6.6241e+00  -4.8841e+00  -1.5500e+00
  -6.6479e+00  -4.8516e+00  -1.5500e+00
  -6.6716e+00  -4.8190e+00  -1.5500e+00
  -6.6951e+00  -4.7863e+00  -1.5500e+00
  -6.7184e+00  -4.7535e+00  -1.5500e+00
  -6.7416e+00  -4.7205e+00  -1.5500e+00
  -6.7228e+00  -4.7073e+00  -1.5915e+00
  -6.7039e+00  -4.6941e+00  -1.6330e+00
  -6.6851e+00  -4.6810e+00  -1.6745e+00
  -6.6663e+00  -4.6678e+00  -1.7160e+00
  -6.6474e+00  -4.6546e+00  -1.7575e+00
  -6.6286e+00  -4.6414e+00  -1.7990e+00
  -6.6097e+00  -4.6282e+00  -1.8405e+00
  -6.5909e+00  -4.6150e+00  -1.8820e+00
  -6.5721e+00  -4.6018e+00  -1.9235e+00
  -6.5532e+00  -4.5886e+00  -1.9650e+00
  -6.5344e+00  -4.5754e+00  -2.0065e+00
  -6.5155e+00  -4.5622e+00  -2.0480e+00
  -6.4967e+00  -4.5490e+00  -2.0895e+00
  -6.4779e+00  -4.5358e+00  -2.1310e+00
  -6.4590e+00  -4.5227e+00  -2.1725e+00
  -6.4402e+00  -4.5095e+00  -2.2140e+00
  -6.4213e+00  -4.4963e+00  -2.2555e+00
  -6.4025e+00  -4.4831e+00  -2.2970e+00
  -6.3837e+00  -4.4699e+00  -2.3385e+00
  -6.3648e+00  -4.4567e+00  -2.3800e+00
  -2.0110e+00  -7.5052e+00  -2.3800e+00
  -1.9721e+00  -7.5156e+00  -2.3800e+00
  -1.9331e+00  -7.5257e+00  -2.3800e+00
  -1.8941e+00  -7.5356e+00  -2.3800e+00
  -1.8550e+00  -7.5453e+00  -2.3800e+00
  -1.8158e+00  -7.5548e+00  -2.3800e+00
  -1.7766e+00  -7.5642e+00  -2.3800e+00
  -1.7374e+00  -7.5733e+00  -2.3800e+00
  -1.6981e+00  -7.5822e+00  -2.3800e+00
  -1.6588e+00  -7.5909e+00  -2.3800e+00
  -1.6194e+00  -7.5994e+00  -2.3800e+00
  -1.5800e+00  -7.6077e+00  -2.3800e+00
  -1.5405e+00  -7.6158e+00  -2.3800e+00
  -1.5010e+00  -7.6236e+00  -2.3800e+00
  -1.4615e+00  -7.6313e+00  -2.3800e+00
  -1.4219e+00  -7.6388e+00  -2.3800e+00
  -1.3823e+00  -7.6461e+00  -2.3800e+00
  -1.3426e+00  -7.6531e+00  -2.3800e+00
  -1.3029e+00  -7.6600e+00  -2.3800e+00
  -1.2632e+00  -7.6666e+00  -2.3800e+00
  -1.2235e+00  -7.6731e+00  -2.3800e+00
  -1.1837e+00  -7.6793e+00  -2.3800e+00
  -1.1438e+00  -7.6853e+00  -2.3800e+00
  -1.1040e+00  -7.6912e+00  -2.3800e+00
  -1.0641e+00  -7.6968e+00  -2.3800e+00
  -1.0242e+00  -7.7022e+00  -2.3800e+00
  -9.8423e-01  -7.7074e+00  -2.3800e+00
  -9.4426e-01  -7.7124e+00  -2.3800e+00
  -9.0426e-01  -7.7172e+00  -2.3800e+00
  -8.6425e-01  -7.7218e+00  -2.3800e+00
  -8.2420e-01  -7.7262e+00  -2.3800e+00
  -7.8414e-01  -7.7303e+00  -2.3800e+00
  -7.4405e-01  -7.7343e+00  -2.3800e+00
  -7.0395e-01  -7.7380e+00  -2.3800e+00
  -6.6382e-01  -7.7416e+00  -2.3800e+00
  -6.2368e-01  -7.7449e+00  -2.3800e+00
  -5.8352e-01  -7.7481e+00  -2.3800e+00
  -5.4335e-01  -7.7510e+00  -2.3800e+00
  -5.0316e-01  -7.7537e+00  -2.3800e+00
  -4.6296e-01  -7.7562e+00  -2.3800e+00
  -4.2274e-01  -7.7585e+00  -2.3800e+00
  -3.8251e-01  -7.7606e+00  -2.3800e+00
  -3.4228e-01  -7.7625e+00  -2.3800e+00
  -3.0203e-01  -7.7641e+00  -2.3800e+00
  -2.6178e-01  -7.7656e+00  -2.3800e+00
  -2.2151e-01  -7.7668e+00  -2.3800e+00
  -1.8125e-01  -7.7679e+00  -2.3800e+00
  -1.4098e-01  -7.7687e+00  -2.3800e+00
  -1.0070e-01  -7.7693e+00  -2.3800e+00
  -6.0421e-02  -7.7698e+00  -2.3800e+00
  -2.0140e-02  -7.7700e+00  -2.3800e+00
   2.0140e-02  -7.7700e+00  -2.3800e+00
   6.0421e-02  -7.7698e+00  -2.3800e+00
   1.0070e-01  -7.7693e+00  -2.3800e+00
   1.4098e-01  -7.7687e+00  -2.3800e+00
   1.8125e-01  -7.7679e+00  -2.3800e+00
   2.2151e-01  -7.7668e+00  -2.3800e+00
   2.6178e-01  -7.7656e+00  -2.3800e+00
   3.0203e-01  -7.7641e+00  -2.3800e+00
   3.4228e-01  -7.7625e+00  -2.3800e+00
   3.8251e-01  -7.7606e+00  -2.3800e+00
   4.2274e-01  -7.7585e+00  -2.3800e+00
   4.6296e-01  -7.7562e+00  -2.3800e+00
   5.0316e-01  -7.7537e+00  -2.3800e+00
   5.4335e-01  -7.7510e+00  -2.3800e+00
   5.8352e-01  -7.7481e+00  -2.3800e+00
   6.2368e-01  -7.7449e+00  -2.3800e+00
   6.6382e-01  -7.7416e+00  -2.3800e+00
   7.0395e-01  -7.7380e+00  -2.3800e+00
   7.4405e-01  -7.7343e+00  -2.3800e+00
   7.8414e-01  -7.7303e+00  -2.3800e+00
   8.2420e-01  -7.7262e+00  -2.3800e+00
   8.6425e-01  -7.7218e+00  -2.3800e+00
   9.0426e-01  -7.7172e+00  -2.3800e+00
   9.4426e-01  -7.7124e+00  -2.3800e+00
   9.8423e-01  -7.7074e+00  -2.3800e+00
   1.0242e+00  -7.7022e+00  -2.3800e+00
   1.0641e+00  -7.6968e+00  -2.3800e+00
   1.1040e+00  -7.6912e+00  -2.3800e+00
   1.1438e+00  -7.6853e+00  -2.3800e+00
   1.1837e+00  -7.6793e+00  -2.3800e+00
   1.2235e+00  -7.6731e+00  -2.3800e+00
   1.2632e+00  -7.6666e+00  -2.3800e+00
   1.3029e+00  -7.6600e+00  -2.3800e+00
   1.3426e+00  -7.6531e+00  -2.3800e+00
   1.3823e+00  -7.6461e+00  -2.3800e+00
   1.4219e+00  -7.6388e+00  -2.3800e+00
   1.4615e+00  -7.6313e+00  -2.3800e+00
   1.5010e+00  -7.6236e+00  -2.3800e+00
   1.5405e+00  -7.6158e+00  -2.3800e+00
   1.5800e+00  -7.6077e+00  -2.3800e+00
   1.6194e+00  -7.5994e+00  -2.3800e+00
   1.6588e+00  -7.5909e+00  -2.3800e+00
   1.6981e+00  -7.5822e+00  -2.3800e+00
   1.7374e+00  -7.5733e+00  -2.3800e+00
   1.7766e+00  -7.5642e+00  -2.3800e+00
   1.8158e+00  -7.5548e+00  -2.3800e+00
   1.8550e+00  -7.5453e+00  -2.3800e+00
   1.8941e+00  -7.5356e+00  -2.3800e+00
   1.9331e+00  -7.5257e+00  -2.3800e+00
   1.9721e+00  -7.5156e+00  -2.3800e+00
   2.0110e+00  -7.5052e+00  -2.3800e+00
   2.0170e+00  -7.5275e+00  -2.3385e+00
   2.0229e+00  -7.5497e+00  -2.2970e+00
   2.0289e+00  -7.5719e+00  -2.2555e+00
   2.0348e+00  -7.5941e+00  -2.2140e+00
   2.0408e+00  -7.6163e+00  -2.1725e+00
   2.0467e+00  -7.6385e+00  -2.1310e+00
   2.0527e+00  -7.6608e+00  -2.0895e+00
   2.0586e+00  -7.6830e+00  -2.0480e+00
   2.0646e+00  -7.7052e+00  -2.0065e+00
   2.0706e+00  -7.7274e+00  -1.9650e+00
   2.0765e+00  -7.7496e+00  -1.9235e+00
   2.0825e+00  -7.7718e+00  -1.8820e+00
   2.0884e+00  -7.7941e+00  -1.8405e+00
   2.0944e+00  -7.8163e+00  -1.7990e+00
   2.1003e+00  -7.8385e+00  -1.7575e+00
   2.1063e+00  -7.8607e+00  -1.7160e+00
   2.1122e+00  -7.8829e+00  -1.6745e+00
   2.1182e+00  -7.9051e+00  -1.6330e+00
   2.1241e+00  -7.9274e+00  -1.5915e+00
   2.1301e+00  -7.9496e+00  -1.5500e+00
   2.0912e+00  -7.9599e+00  -1.5500e+00
   2.0522e+00  -7.9700e+00  -1.5500e+00
   2.0132e+00  -7.9800e+00  -1.5500e+00
   1.9741e+00  -7.9897e+00  -1.5500e+00
   1.9350e+00  -7.9993e+00  -1.5500e+00
   1.8958e+00  -8.0087e+00  -1.5500e+00
   1.8566e+00  -8.0179e+00  -1.5500e+00
   1.8173e+00  -8.0268e+00  -1.5500e+00
   1.7780e+00  -8.0356e+00  -1.5500e+00
   1.7387e+00  -8.0442e+00  -1.5500e+00
   1.6993e+00  -8.0527e+00  -1.5500e+00
   1.6599e+00  -8.0609e+00  -1.5500e+00
   1.6204e+00  -8.0689e+00  -1.5500e+00
   1.5809e+00  -8.0767e+00  -1.5500e+00
   1.5414e+00  -8.0844e+00  -1.5500e+00
   1.5018e+00  -8.0918e+00  -1.5500e+00
   1.4622e+00  -8.0991e+00  -1.5500e+00
   1.4225e+00  -8.1061e+00  -1.5500e+00
   1.3828e+00  -8.1130e+00  -1.5500e+00
   1.3431e+00  -8.1197e+00  -1.5500e+00
   1.3034e+00  -8.1261e+00  -1.5500e+00
   1.2636e+00  -8.1324e+00  -1.5500e+00
   1.2238e+00  -8.1385e+00  -1.5500e+00
   1.1839e+00  -8.1444e+00  -1.5500e+00
   1.1441e+00  -8.1501e+00  -1.5500e+00
   1.1042e+00  -8.1556e+00  -1.5500e+00
   1.0642e+00  -8.1609e+00  -1.5500e+00
   1.0243e+00  -8.1660e+00  -1.5500e+00
   9.8433e-01  -8.1709e+00  -1.5500e+00
   9.4433e-01  -8.1756e+00  -1.5500e+00
   9.0431e-01  -8.1802e+00  -1.5500e+00
   8.6427e-01  -8.1845e+00  -1.5500e+00
   8.2421e-01  -8.1886e+00  -1.5500e+00
   7.8413e-01  -8.1926e+00  -1.5500e+00
   7.4403e-01  -8.1963e+00  -1.5500e+00
   7.0392e-01  -8.1998e+00  -1.5500e+00
   6.6378e-01  -8.2032e+00  -1.5500e+00
   6.2363e-01  -8.2063e+00  -1.5500e+00
   5.8347e-01  -8.2093e+00  -1.5500e+00
   5.4329e-01  -8.2120e+00  -1.5500e+00
   5.0310e-01  -8.2146e+00  -1.5500e+00
   4.6290e-01  -8.2170e+00  -1.5500e+00
   4.2268e-01  -8.2191e+00  -1.5500e+00
   3.8246e-01  -8.2211e+00  -1.5500e+00
   3.4222e-01  -8.2229e+00  -1.5500e+00
   3.0198e-01  -8.2245e+00  -1.5500e+00
   2.6173e-01  -8.2258e+00  -1.5500e+00
   2.2148e-01  -8.2270e+00  -1.5500e+00
   1.8121e-01  -8.2280e+00  -1.5500e+00
   1.4095e-01  -8.2288e+00  -1.5500e+00
   1.0068e-01  -8.2294e+00  -1.5500e+00
   6.0409e-02  -8.2298e+00  -1.5500e+00
   2.0137e-02  -8.2300e+00  -1.5500e+00
  -2.0137e-02  -8.2300e+00  -1.5500e+00
  -6.0409e-02  -8.2298e+00  -1.5500e+00
  -1.0068e-01  -8.2294e+00  -1.5500e+00
  -1.4095e-01  -8.2288e+00  -1.5500e+00
  -1.8121e-01  -8.2280e+00  -1.5500e+00
  -2.2148e-01  -8.2270e+00  -1.5500e+00
  -2.6173e-01  -8.2258e+00  -1.5500e+00
  -3.0198e-01  -8.2245e+00  -1.5500e+00
  -3.4222e-01  -8.2229e+00  -1.5500e+00
  -3.8246e-01  -8.2211e+00  -1.5500e+00
  -4.2268e-01  -8.2191e+00  -1.5500e+00
  -4.6290e-01  -8.2170e+00  -1.5500e+00
  -5.0310e-01  -8.2146e+00  -1.5500e+00
  -5.4329e-01  -8.2120e+00  -1.5500e+00
  -5.8347e-01  -8.2093e+00  -1.5500e+00
  -6.2363e-01  -8.2063e+00  -1.5500e+00
  -6.6378e-01  -8.2032e+00  -1.5500e+00
  -7.0392e-01  -8.1998e+00  -1.5500e+00
  -7.4403e-01  -8.1963e+00  -1.5500e+00
  -7.8413e-01  -8.1926e+00  -1.5500e+00
  -8.2421e-01  -8.1886e+00  -1.5500e+00
  -8.6427e-01  -8.1845e+00  -1.5500e+00
  -9.0431e-01  -8.1802e+00  -1.5500e+00
  -9.4433e-01  -8.1756e+00  -1.5500e+00
  -9.8433e-01  -8.1709e+00  -1.5500e+00
  -1.0243e+00  -8.1660e+00  -1.5500e+00
  -1.0642e+00  -8.1609e+00  -1.5500e+00
  -1.1042e+00  -8.1556e+00  -1.5500e+00
  -1.1441e+00  -8.1501e+00  -1.5500e+00
  -1.1839e+00  -8.1444e+00  -1.5500e+00
  -1.2238e+00  -8.1385e+00  -1.5500e+00
  -1.2636e+00  -8.1324e+00  -1.5500e+00
  -1.3034e+00  -8.1261e+00  -1.5500e+00
  -1.3431e+00  -8.1197e+00  -1.5500e+00
  -1.3828e+00  -8.1130e+00  -1.5500e+00
  -1.4225e+00  -8.1061e+00  -1.5500e+00
  -1.4622e+00  -8.0991e+00  -1.5500e+00
  -1.5018e+00  -8.0918e+00  -1.5500e+00
  -1.5414e+00  -8.0844e+00  -1.5500e+00
  -1.5809e+00  -8.0767e+00  -1.5500e+00
  -1.6204e+00  -8.0689e+00  -1.5500e+00
  -1.6599e+00  -8.0609e+00  -1.5500e+00
  -1.6993e+00  -8.0527e+00  -1.5500e+00
  -1.7387e+00  -8.0442e+00  -1.5500e+00
  -1.7780e+00  -8.0356e+00  -1.5500e+00
  -1.8173e+00  -8.0268e+00  -1.5500e+00
  -1.8566e+00  -8.0179e+00  -1.5500e+00
  -1.8958e+00  -8.0087e+00  -1.5500e+00
  -1.9350e+00  -7.9993e+00  -1.5500e+00
  -1.9741e+00  -7.9897e+00  -1.5500e+00
  -2.0132e+00  -7.9800e+00  -1.5500e+00
  -2.0522e+00  -7.9700e+00  -1.5500e+00
  -2.0912e+00  -7.9599e+00  -1.5500e+00
  -2.1301e+00  -7.9496e+00  -1.5500e+00
  -2.1241e+00  -7.9274e+00  -1.5915e+00
  -2.1182e+00  -7.9051e+00  -1.6330e+00
  -2.1122e+00  -7.8829e+00  -1.6745e+00
  -2.1063e+00  -7.8607e+00  -1.7160e+00
  -2.1003e+00  -7.8385e+00  -1.7575e+00
  -2.0944e+00  -7.8163e+00  -1.7990e+00
  -2.0884e+00  -7.7941e+00  -1.8405e+00
  -2.0825e+00  -7.7718e+00  -1.8820e+00
  -2.0765e+00  -7.7496e+00  -1.9235e+00
  -2.0706e+00  -7.7274e+00  -1.9650e+00
  -2.0646e+00  -7.7052e+00  -2.0065e+00
  -2.0586e+00  -7.6830e+00  -2.0480e+00
  -2.0527e+00  -7.6608e+00  -2.0895e+00
  -2.0467e+00  -7.6385e+00  -2.1310e+00
  -2.0408e+00  -7.6163e+00  -2.1725e+00
  -2.0348e+00  -7.5941e+00  -2.2140e+00
  -2.0289e+00  -7.5719e+00  -2.2555e+00
  -2.0229e+00  -7.5497e+00  -2.2970e+00
  -2.0170e+00  -7.5275e+00  -2.3385e+00
  -2.0110e+00  -7.5052e+00  -2.3800e+00
   3.2837e+00  -7.0420e+00  -2.3800e+00
   3.3202e+00  -7.0249e+00  -2.3800e+00
   3.3566e+00  -7.0076e+00  -2.3800e+00
   3.3929e+00  -6.9901e+00  -2.3800e+00
   3.4291e+00  -6.9724e+00  -2.3800e+00
   3.4652e+00  -6.9545e+00  -2.3800e+00
   3.5012e+00  -6.9365e+00  -2.3800e+00
   3.5371e+00  -6.9182e+00  -2.3800e+00
   3.5729e+00  -6.8998e+00  -2.3800e+00
   3.6086e+00  -6.8812e+00  -2.3800e+00
   3.6442e+00  -6.8624e+00  -2.3800e+00
   3.6798e+00  -6.8434e+00  -2.3800e+00
   3.7152e+00  -6.8242e+00  -2.3800e+00
   3.7505e+00  -6.8049e+00  -2.3800e+00
   3.7857e+00  -6.7854e+00  -2.3800e+00
   3.8209e+00  -6.7656e+00  -2.3800e+00
   3.8559e+00  -6.7457e+00  -2.3800e+00
   3.8908e+00  -6.7257e+00  -2.3800e+00
   3.9256e+00  -6.7054e+00  -2.3800e+00
   3.9603e+00  -6.6850e+00  -2.3800e+00
   3.9949e+00  -6.6643e+00  -2.3800e+00
   4.0294e+00  -6.6435e+00  -2.3800e+00
   4.0638e+00  -6.6226e+00  -2.3800e+00
   4.0981e+00  -6.6014e+00  -2.3800e+00
   4.1323e+00  -6.5801e+00  -2.3800e+00
   4.1663e+00  -6.5586e+00  -2.3800e+00
   4.2003e+00  -6.5369e+00  -2.3800e+00
   4.2341e+00  -6.5150e+00  -2.3800e+00
   4.2678e+00  -6.4930e+00  -2.3800e+00
   4.3014e+00  -6.4708e+00  -2.3800e+00
   4.3349e+00  -6.4484e+00  -2.3800e+00
   4.3683e+00  -6.4258e+00  -2.3800e+00
   4.4015e+00  -6.4031e+00  -2.3800e+00
   4.4347e+00  -6.3802e+00  -2.3800e+00
   4.4677e+00  -6.3571e+00  -2.3800e+00
   4.5006e+00  -6.3339e+00  -2.3800e+00
   4.5334e+00  -6.3104e+00  -2.3800e+00
   4.5660e+00  -6.2869e+00  -2.3800e+00
   4.5985e+00  -6.2631e+00  -2.3800e+00
   4.6309e+00  -6.2392e+00  -2.3800e+00
   4.6632e+00  -6.2151e+00  -2.3800e+00
   4.6954e+00  -6.1908e+00  -2.3800e+00
   4.7274e+00  -6.1664e+00  -2.3800e+00
   4.7593e+00  -6.1418e+00  -2.3800e+00
   4.7911e+00  -6.1171e+00  -2.3800e+00
   4.8227e+00  -6.0921e+00  -2.3800e+00
   4.8543e+00  -6.0670e+00  -2.3800e+00
   4.8856e+00  -6.0418e+00  -2.3800e+00
   4.9169e+00  -6.0164e+00  -2.3800e+00
   4.9480e+00  -5.9908e+00  -2.3800e+00
   4.9790e+00  -5.9651e+00  -2.3800e+00
   5.0099e+00  -5.9392e+00  -2.3800e+00
   5.0406e+00  -5.9131e+00  -2.3800e+00
   5.0712e+00  -5.8869e+00  -2.3800e+00
   5.1016e+00  -5.8606e+00  -2.3800e+00
   5.1319e+00  -5.8340e+00  -2.3800e+00
   5.1621e+00  -5.8074e+00  -2.3800e+00
   5.1922e+00  -5.7805e+00  -2.3800e+00
   5.2221e+00  -5.7535e+00  -2.3800e+00
   5.2518e+00  -5.7264e+00  -2.3800e+00
   5.2814e+00  -5.6991e+00  -2.3800e+00
   5.3109e+00  -5.6716e+00  -2.3800e+00
   5.3402e+00  -5.6440e+00  -2.3800e+00
   5.3694e+00  -5.6162e+00  -2.3800e+00
   5.3985e+00  -5.5883e+00  -2.3800e+00
   5.4274e+00  -5.5603e+00  -2.3800e+00
   5.4561e+00  -5.5321e+00  -2.3800e+00
   5.4847e+00  -5.5037e+00  -2.3800e+00
   5.5132e+00  -5.4752e+00  -2.3800e+00
   5.5415e+00  -5.4465e+00  -2.3800e+00
   5.5696e+00  -5.4177e+00  -2.3800e+00
   5.5977e+00  -5.3888e+00  -2.3800e+00
   5.6255e+00  -5.3597e+00  -2.3800e+00
   5.6532e+00  -5.3305e+00  -2.3800e+00
   5.6808e+00  -5.3011e+00  -2.3800e+00
   5.7082e+00  -5.2716e+00  -2.3800e+00
   5.7354e+00  -5.2419e+00  -2.3800e+00
   5.7625e+00  -5.2121e+00  -2.3800e+00
   5.7895e+00  -5.1822e+00  -2.3800e+00
   5.8163e+00  -5.1521e+00  -2.3800e+00
   5.8429e+00  -5.1219e+00  -2.3800e+00
   5.8694e+00  -5.0915e+00  -2.3800e+00
   5.8957e+00  -5.0610e+00  -2.3800e+00
   5.9218e+00  -5.0304e+00  -2.3800e+00
   5.9478e+00  -4.9996e+00  -2.3800e+00
   5.9737e+00  -4.9687e+00  -2.3800e+00
   5.9994e+00  -4.9377e+00  -2.3800e+00
   6.0249e+00  -4.9065e+00  -2.3800e+00
   6.0502e+00  -4.8752e+00  -2.3800e+00
   6.0754e+00  -4.8438e+00  -2.3800e+00
   6.1005e+00  -4.8122e+00  -2.3800e+00
   6.1253e+00  -4.7805e+00  -2.3800e+00
   6.1500e+00  -4.7487e+00  -2.3800e+00
   6.1746e+00  -4.7167e+00  -2.3800e+00
   6.1989e+00  -4.6847e+00  -2.3800e+00
   6.2231e+00  -4.6525e+00  -2.3800e+00
   6.2472e+00  -4.6202e+00  -2.3800e+00
   6.2710e+00  -4.5877e+00  -2.3800e+00
   6.2947e+00  -4.5551e+00  -2.3800e+00
   6.3183e+00  -4.5224e+00  -2.3800e+00
   6.3416e+00  -4.4896e+00  -2.3800e+00
   6.3648e+00  -4.4567e+00  -2.3800e+00
   6.3837e+00  -4.4699e+00  -2.3385e+00
   6.4025e+00  -4.4831e+00  -2.2970e+00
   6.4213e+00  -4.4963e+00  -2.2555e+00
   6.4402e+00  -4.5095e+00  -2.2140e+00
   6.4590e+00  -4.5227e+00  -2.1725e+00
   6.4779e+00  -4.5358e+00  -2.1310e+00
   6.4967e+00  -4.5490e+00  -2.0895e+00
   6.5155e+00  -4.5622e+00  -2.0480e+00
   6.5344e+00  -4.5754e+00  -2.0065e+00
   6.5532e+00  -4.5886e+00  -1.9650e+00
   6.5721e+00  -4.6018e+00  -1.9235e+00
   6.5909e+00  -4.6150e+00  -1.8820e+00
   6.6097e+00  -4.6282e+00  -1.8405e+00
   6.6286e+00  -4.6414e+00  -1.7990e+00
   6.6474e+00  -4.6546e+00  -1.7575e+00
   6.6663e+00  -4.6678e+00  -1.7160e+00
   6.6851e+00  -4.6810e+00  -1.6745e+00
   6.7039e+00  -4.6941e+00  -1.6330e+00
   6.7228e+00  -4.7073e+00  -1.5915e+00
   6.7416e+00  -4.7205e+00  -1.5500e+00
   6.7184e+00  -4.7535e+00  -1.5500e+00
   6.6951e+00  -4.7863e+00  -1.5500e+00
   6.6716e+00  -4.8190e+00  -1.5500e+00
   6.6479e+00  -4.8516e+00  -1.5500e+00
   6.6241e+00  -4.8841e+00  -1.5500e+00
   6.6001e+00  -4.9164e+00  -1.5500e+00
   6.5760e+00  -4.9486e+00  -1.5500e+00
   6.5517e+00  -4.9808e+00  -1.5500e+00
   6.5273e+00  -5.0128e+00  -1.5500e+00
   6.5026e+00  -5.0446e+00  -1.5500e+00
   6.4779e+00  -5.0764e+00  -1.5500e+00
   6.4530e+00  -5.1080e+00  -1.5500e+00
   6.4279e+00  -5.1396e+00  -1.5500e+00
   6.4027e+00  -5.1710e+00  -1.5500e+00
   6.3773e+00  -5.2022e+00  -1.5500e+00
   6.3518e+00  -5.2334e+00  -1.5500e+00
   6.3261e+00  -5.2644e+00  -1.5500e+00
   6.3002e+00  -5.2953e+00  -1.5500e+00
   6.2742e+00  -5.3260e+00  -1.5500e+00
   6.2481e+00  -5.3567e+00  -1.5500e+00
   6.2218e+00  -5.3872e+00  -1.5500e+00
   6.1954e+00  -5.4176e+00  -1.5500e+00
   6.1688e+00  -5.4478e+00  -1.5500e+00
   6.1421e+00  -5.4780e+00  -1.5500e+00
   6.1152e+00  -5.5079e+00  -1.5500e+00
   6.0882e+00  -5.5378e+00  -1.5500e+00
   6.0610e+00  -5.5675e+00  -1.5500e+00
   6.0337e+00  -5.5971e+00  -1.5500e+00
   6.0062e+00  -5.6266e+00  -1.5500e+00
   5.9786e+00  -5.6559e+00  -1.5500e+00
   5.9509e+00  -5.6851e+00  -1.5500e+00
   5.9230e+00  -5.7141e+00  -1.5500e+00
   5.8949e+00  -5.7431e+00  -1.5500e+00
   5.8668e+00  -5.7718e+00  -1.5500e+00
   5.8384e+00  -5.8005e+00  -1.5500e+00
   5.8100e+00  -5.8290e+00  -1.5500e+00
   5.7814e+00  -5.8573e+00  -1.5500e+00
   5.7527e+00  -5.8856e+00  -1.5500e+00
   5.7238e+00  -5.9136e+00  -1.5500e+00
   5.6948e+00  -5.9416e+00  -1.5500e+00
   5.6656e+00  -5.9694e+00  -1.5500e+00
   5.6364e+00  -5.9970e+00  -1.5500e+00
   5.6070e+00  -6.0245e+00  -1.5500e+00
   5.5774e+00  -6.0519e+00  -1.5500e+00
   5.5477e+00  -6.0791e+00  -1.5500e+00
   5.5179e+00  -6.1062e+00  -1.5500e+00
   5.4880e+00  -6.1331e+00  -1.5500e+00
   5.4579e+00  -6.1599e+00  -1.5500e+00
   5.4277e+00  -6.1865e+00  -1.5500e+00
   5.3973e+00  -6.2130e+00  -1.5500e+00
   5.3669e+00  -6.2394e+00  -1.5500e+00
   5.3363e+00  -6.2655e+00  -1.5500e+00
   5.3056e+00  -6.2916e+00  -1.5500e+00
   5.2747e+00  -6.3175e+00  -1.5500e+00
   5.2437e+00  -6.3432e+00  -1.5500e+00
   5.2126e+00  -6.3688e+00  -1.5500e+00
   5.1814e+00  -6.3942e+00  -1.5500e+00
   5.1500e+00  -6.4195e+00  -1.5500e+00
   5.1186e+00  -6.4446e+00  -1.5500e+00
   5.0870e+00  -6.4696e+00  -1.5500e+00
   5.0552e+00  -6.4944e+00  -1.5500e+00
   5.0234e+00  -6.5191e+00  -1.5500e+00
   4.9914e+00  -6.5436e+00  -1.5500e+00
   4.9594e+00  -6.5679e+00  -1.5500e+00
   4.9272e+00  -6.5921e+00  -1.5500e+00
   4.8949e+00  -6.6161e+00  -1.5500e+00
   4.8624e+00  -6.6400e+00  -1.5500e+00
   4.8299e+00  -6.6637e+00  -1.5500e+00
   4.7972e+00  -6.6873e+00  -1.5500e+00
   4.7644e+00  -6.7107e+00  -1.5500e+00
   4.7315e+00  -6.7339e+00  -1.5500e+00
   4.6985e+00  -6.7570e+00  -1.5500e+00
   4.6654e+00  -6.7799e+00  -1.5500e+00
   4.6322e+00  -6.8026e+00  -1.5500e+00
   4.5988e+00  -6.8252e+00  -1.5500e+00
   4.5654e+00  -6.8477e+00  -1.5500e+00
   4.5318e+00  -6.8699e+00  -1.5500e+00
   4.4981e+00  -6.8920e+00  -1.5500e+00
   4.4644e+00  -6.9139e+00  -1.5500e+00
   4.4305e+00  -6.9357e+00  -1.5500e+00
   4.3965e+00  -6.9573e+00  -1.5500e+00
   4.3624e+00  -6.9787e+00  -1.5500e+00
   4.3282e+00  -7.0000e+00  -1.5500e+00
   4.2939e+00  -7.0211e+00  -1.5500e+00
   4.2595e+00  -7.0420e+00  -1.5500e+00
   4.2249e+00  -7.0628e+00  -1.5500e+00
   4.1903e+00  -7.0834e+00  -1.5500e+00
   4.1556e+00  -7.1038e+00  -1.5500e+00
   4.1208e+00  -7.1240e+00  -1.5500e+00
   4.0859e+00  -7.1441e+00  -1.5500e+00
   4.0509e+00  -7.1640e+00  -1.5500e+00
   4.0158e+00  -7.1838e+00  -1.5500e+00
   3.9806e+00  -7.2033e+00  -1.5500e+00
   3.9453e+00  -7.2227e+00  -1.5500e+00
   3.9099e+00  -7.2419e+00  -1.5500e+00
   3.8744e+00  -7.2610e+00  -1.5500e+00
   3.8388e+00  -7.2799e+00  -1.5500e+00
   3.8032e+00  -7.2985e+00  -1.5500e+00
   3.7674e+00  -7.3171e+00  -1.5500e+00
   3.7316e+00  -7.3354e+00  -1.5500e+00
   3.6956e+00  -7.3536e+00  -1.5500e+00
   3.6596e+00  -7.3716e+00  -1.5500e+00
   3.6235e+00  -7.3894e+00  -1.5500e+00
   3.5873e+00  -7.4071e+00  -1.5500e+00
   3.5510e+00  -7.4245e+00  -1.5500e+00
   3.5146e+00  -7.4418e+00  -1.5500e+00
   3.4781e+00  -7.4589e+00  -1.5500e+00
   3.4684e+00  -7.4381e+00  -1.5915e+00
   3.4587e+00  -7.4172e+00  -1.6330e+00
   3.4490e+00  -7.3964e+00  -1.6745e+00
   3.4393e+00  -7.3755e+00  -1.7160e+00
   3.4295e+00  -7.3547e+00  -1.7575e+00
   3.4198e+00  -7.3338e+00  -1.7990e+00
   3.4101e+00  -7.3130e+00  -1.8405e+00
   3.4004e+00  -7.2922e+00  -1.8820e+00
   3.3907e+00  -7.2713e+00  -1.9235e+00
   3.3809e+00  -7.2505e+00  -1.9650e+00
   3.3712e+00  -7.2296e+00  -2.0065e+00
   3.3615e+00  -7.2088e+00  -2.0480e+00
   3.3518e+00  -7.1879e+00  -2.0895e+00
   3.3421e+00  -7.1671e+00  -2.1310e+00
   3.3323e+00  -7.1462e+00  -2.1725e+00
   3.3226e+00  -7.1254e+00  -2.2140e+00
   3.3129e+00  -7.1045e+00  -2.2555e+00
   3.3032e+00  -7.0837e+00  -2.2970e+00
   3.2935e+00  -7.0629e+00  -2.3385e+00
   3.2837e+00  -7.0420e+00  -2.3800e+00
   7.0420e+00  -3.2837e+00  -2.3800e+00
   7.0589e+00  -3.2472e+00  -2.3800e+00
   7.0757e+00  -3.2106e+00  -2.3800e+00
   7.0922e+00  -3.1738e+00  -2.3800e+00
   7.1086e+00  -3.1370e+00  -2.3800e+00
   7.1248e+00  -3.1001e+00  -2.3800e+00
   7.1407e+00  -3.0631e+00  -2.3800e+00
   7.1565e+00  -3.0261e+00  -2.3800e+00
   7.1721e+00  -2.9889e+00  -2.3800e+00
   7.1875e+00  -2.9517e+00  -2.3800e+00
   7.2027e+00  -2.9144e+00  -2.3800e+00
   7.2177e+00  -2.8770e+00  -2.3800e+00
   7.2325e+00  -2.8396e+00  -2.3800e+00
   7.2472e+00  -2.8021e+00  -2.3800e+00
   7.2616e+00  -2.7645e+00  -2.3800e+00
   7.2758e+00  -2.7268e+00  -2.3800e+00
   7.2899e+00  -2.6890e+00  -2.3800e+00
   7.3037e+00  -2.6512e+00  -2.3800e+00
   7.3174e+00  -2.6133e+00  -2.3800e+00
   7.3308e+00  -2.5753e+00  -2.3800e+00
   7.3441e+00  -2.5373e+00  -2.3800e+00
   7.3571e+00  -2.4992e+00  -2.3800e+00
   7.3700e+00  -2.4610e+00  -2.3800e+00
   7.3826e+00  -2.4228e+00  -2.3800e+00
   7.3951e+00  -2.3845e+00  -2.3800e+00
   7.4073e+00  -2.3461e+00  -2.3800e+00
   7.4194e+00  -2.3077e+00  -2.3800e+00
   7.4313e+00  -2.2692e+00  -2.3800e+00
   7.4429e+00  -2.2306e+00  -2.3800e+00
   7.4544e+00  -2.1920e+00  -2.3800e+00
   7.4657e+00  -2.1533e+00  -2.3800e+00
   7.4767e+00  -2.1146e+00  -2.3800e+00
   7.4876e+00  -2.0758e+00  -2.3800e+00
   7.4982e+00  -2.0370e+00  -2.3800e+00
   7.5087e+00  -1.9981e+00  -2.3800e+00
   7.5190e+00  -1.9591e+00  -2.3800e+00
   7.5290e+00  -1.9201e+00  -2.3800e+00
   7.5389e+00  -1.8810e+00  -2.3800e+00
   7.5485e+00  -1.8419e+00  -2.3800e+00
   7.5580e+00  -1.8028e+00  -2.3800e+00
   7.5672e+00  -1.7636e+00  -2.3800e+00
   7.5763e+00  -1.7243e+00  -2.3800e+00
   7.5851e+00  -1.6850e+00  -2.3800e+00
   7.5937e+00  -1.6457e+00  -2.3800e+00
   7.6022e+00  -1.6063e+00  -2.3800e+00
   7.6104e+00  -1.5668e+00  -2.3800e+00
   7.6184e+00  -1.5274e+00  -2.3800e+00
   7.6262e+00  -1.4879e+00  -2.3800e+00
   7.6338e+00  -1.4483e+00  -2.3800e+00
   7.6412e+00  -1.4087e+00  -2.3800e+00
   7.6484e+00  -1.3691e+00  -2.3800e+00
   7.6554e+00  -1.3294e+00  -2.3800e+00
   7.6622e+00  -1.2897e+00  -2.3800e+00
   7.6688e+00  -1.2500e+00  -2.3800e+00
   7.6752e+00  -1.2102e+00  -2.3800e+00
   7.6813e+00  -1.1704e+00  -2.3800e+00
   7.6873e+00  -1.1305e+00  -2.3800e+00
   7.6931e+00  -1.0907e+00  -2.3800e+00
   7.6986e+00  -1.0508e+00  -2.3800e+00
   7.7040e+00  -1.0109e+00  -2.3800e+00
   7.7091e+00  -9.7091e-01  -2.3800e+00
   7.7140e+00  -9.3093e-01  -2.3800e+00
   7.7188e+00  -8.9093e-01  -2.3800e+00
   7.7233e+00  -8.5090e-01  -2.3800e+00
   7.7276e+00  -8.1085e-01  -2.3800e+00
   7.7317e+00  -7.7078e-01  -2.3800e+00
   7.7356e+00  -7.3069e-01  -2.3800e+00
   7.7393e+00  -6.9057e-01  -2.3800e+00
   7.7427e+00  -6.5044e-01  -2.3800e+00
   7.7460e+00  -6.1030e-01  -2.3800e+00
   7.7491e+00  -5.7013e-01  -2.3800e+00
   7.7519e+00  -5.2995e-01  -2.3800e+00
   7.7545e+00  -4.8976e-01  -2.3800e+00
   7.7570e+00  -4.4955e-01  -2.3800e+00
   7.7592e+00  -4.0933e-01  -2.3800e+00
   7.7612e+00  -3.6910e-01  -2.3800e+00
   7.7630e+00  -3.2886e-01  -2.3800e+00
   7.7646e+00  -2.8861e-01  -2.3800e+00
   7.7660e+00  -2.4836e-01  -2.3800e+00
   7.7672e+00  -2.0809e-01  -2.3800e+00
   7.7682e+00  -1.6782e-01  -2.3800e+00
   7.7690e+00  -1.2755e-01  -2.3800e+00
   7.7695e+00  -8.7273e-02  -2.3800e+00
   7.7699e+00  -4.6994e-02  -2.3800e+00
   7.7700e+00  -6.7135e-03  -2.3800e+00
   7.7699e+00   3.3567e-02  -2.3800e+00
   7.7696e+00   7.3847e-02  -2.3800e+00
   7.7692e+00   1.1412e-01  -2.3800e+00
   7.7685e+00   1.5440e-01  -2.3800e+00
   7.7676e+00   1.9467e-01  -2.3800e+00
   7.7664e+00   2.3494e-01  -2.3800e+00
   7.7651e+00   2.7519e-01  -2.3800e+00
   7.7636e+00   3.1545e-01  -2.3800e+00
   7.7619e+00   3.5569e-01  -2.3800e+00
   7.7599e+00   3.9592e-01  -2.3800e+00
   7.7577e+00   4.3615e-01  -2.3800e+00
   7.7554e+00   4.7636e-01  -2.3800e+00
   7.7528e+00   5.1656e-01  -2.3800e+00
   7.7500e+00   5.5674e-01  -2.3800e+00
   7.7470e+00   5.9691e-01  -2.3800e+00
   7.7438e+00   6.3706e-01  -2.3800e+00
   7.7404e+00   6.7720e-01  -2.3800e+00
   7.7633e+00   6.7920e-01  -2.3385e+00
   7.7863e+00   6.8121e-01  -2.2970e+00
   7.8092e+00   6.8321e-01  -2.2555e+00
   7.8321e+00   6.8522e-01  -2.2140e+00
   7.8550e+00   6.8722e-01  -2.1725e+00
   7.8779e+00   6.8923e-01  -2.1310e+00
   7.9008e+00   6.9123e-01  -2.0895e+00
   7.9237e+00   6.9324e-01  -2.0480e+00
   7.9466e+00   6.9524e-01  -2.0065e+00
   7.9696e+00   6.9725e-01  -1.9650e+00
   7.9925e+00   6.9925e-01  -1.9235e+00
   8.0154e+00   7.0126e-01  -1.8820e+00
   8.0383e+00   7.0326e-01  -1.8405e+00
   8.0612e+00   7.0526e-01  -1.7990e+00
   8.0841e+00   7.0727e-01  -1.7575e+00
   8.1070e+00   7.0927e-01  -1.7160e+00
   8.1299e+00   7.1128e-01  -1.6745e+00
   8.1529e+00   7.1328e-01  -1.6330e+00
   8.1758e+00   7.1529e-01  -1.5915e+00
   8.1987e+00   7.1729e-01  -1.5500e+00
   8.2021e+00   6.7716e-01  -1.5500e+00
   8.2053e+00   6.3702e-01  -1.5500e+00
   8.2083e+00   5.9686e-01  -1.5500e+00
   8.2112e+00   5.5669e-01  -1.5500e+00
   8.2138e+00   5.1650e-01  -1.5500e+00
   8.2162e+00   4.7630e-01  -1.5500e+00
   8.2184e+00   4.3609e-01  -1.5500e+00
   8.2205e+00   3.9587e-01  -1.5500e+00
   8.2223e+00   3.5563e-01  -1.5500e+00
   8.2240e+00   3.1540e-01  -1.5500e+00
   8.2254e+00   2.7515e-01  -1.5500e+00
   8.2266e+00   2.3489e-01  -1.5500e+00
   8.2277e+00   1.9464e-01  -1.5500e+00
   8.2286e+00   1.5437e-01  -1.5500e+00
   8.2292e+00   1.1410e-01  -1.5500e+00
   8.2297e+00   7.3833e-02  -1.5500e+00
   8.2299e+00   3.3561e-02  -1.5500e+00
   8.2300e+00  -6.7122e-03  -1.5500e+00
   8.2299e+00  -4.6985e-02  -1.5500e+00
   8.2295e+00  -8.7257e-02  -1.5500e+00
   8.2290e+00  -1.2753e-01  -1.5500e+00
   8.2283e+00  -1.6779e-01  -1.5500e+00
   8.2274e+00  -2.0806e-01  -1.5500e+00
   8.2263e+00  -2.4831e-01  -1.5500e+00
   8.2249e+00  -2.8856e-01  -1.5500e+00
   8.2234e+00  -3.2881e-01  -1.5500e+00
   8.2217e+00  -3.6905e-01  -1.5500e+00
   8.2198e+00  -4.0927e-01  -1.5500e+00
   8.2177e+00  -4.4949e-01  -1.5500e+00
   8.2154e+00  -4.8970e-01  -1.5500e+00
   8.2129e+00  -5.2990e-01  -1.5500e+00
   8.2102e+00  -5.7008e-01  -1.5500e+00
   8.2073e+00  -6.1025e-01  -1.5500e+00
   8.2043e+00  -6.5040e-01  -1.5500e+00
   8.2010e+00  -6.9054e-01  -1.5500e+00
   8.1975e+00  -7.3066e-01  -1.5500e+00
   8.1938e+00  -7.7077e-01  -1.5500e+00
   8.1900e+00  -8.1086e-01  -1.5500e+00
   8.1859e+00  -8.5092e-01  -1.5500e+00
   8.1816e+00  -8.9097e-01  -1.5500e+00
   8.1772e+00  -9.3100e-01  -1.5500e+00
   8.1725e+00  -9.7100e-01  -1.5500e+00
   8.1677e+00  -1.0110e+00  -1.5500e+00
   8.1626e+00  -1.0509e+00  -1.5500e+00
   8.1574e+00  -1.0909e+00  -1.5500e+00
   8.1519e+00  -1.1308e+00  -1.5500e+00
   8.1463e+00  -1.1706e+00  -1.5500e+00
   8.1405e+00  -1.2105e+00  -1.5500e+00
   8.1345e+00  -1.2503e+00  -1.5500e+00
   8.1283e+00  -1.2901e+00  -1.5500e+00
   8.1218e+00  -1.3299e+00  -1.5500e+00
   8.1152e+00  -1.3696e+00  -1.5500e+00
   8.1084e+00  -1.4093e+00  -1.5500e+00
   8.1014e+00  -1.4490e+00  -1.5500e+00
   8.0943e+00  -1.4886e+00  -1.5500e+00
   8.0869e+00  -1.5282e+00  -1.5500e+00
   8.0793e+00  -1.5677e+00  -1.5500e+00
   8.0715e+00  -1.6072e+00  -1.5500e+00
   8.0636e+00  -1.6467e+00  -1.5500e+00
   8.0554e+00  -1.6862e+00  -1.5500e+00
   8.0471e+00  -1.7256e+00  -1.5500e+00
   8.0385e+00  -1.7649e+00  -1.5500e+00
   8.0298e+00  -1.8042e+00  -1.5500e+00
   8.0209e+00  -1.8435e+00  -1.5500e+00
   8.0118e+00  -1.8827e+00  -1.5500e+00
   8.0024e+00  -1.9219e+00  -1.5500e+00
   7.9929e+00  -1.9610e+00  -1.5500e+00
   7.9833e+00  -2.0001e+00  -1.5500e+00
   7.9734e+00  -2.0392e+00  -1.5500e+00
   7.9633e+00  -2.0782e+00  -1.5500e+00
   7.9530e+00  -2.1171e+00  -1.5500e+00
   7.9426e+00  -2.1560e+00  -1.5500e+00
   7.9319e+00  -2.1948e+00  -1.5500e+00
   7.9211e+00  -2.2336e+00  -1.5500e+00
   7.9101e+00  -2.2724e+00  -1.5500e+00
   7.8989e+00  -2.3110e+00  -1.5500e+00
   7.8875e+00  -2.3497e+00  -1.5500e+00
   7.8759e+00  -2.3882e+00  -1.5500e+00
   7.8641e+00  -2.4268e+00  -1.5500e+00
   7.8521e+00  -2.4652e+00  -1.5500e+00
   7.8400e+00  -2.5036e+00  -1.5500e+00
   7.8276e+00  -2.5419e+00  -1.5500e+00
   7.8151e+00  -2.5802e+00  -1.5500e+00
   7.8024e+00  -2.6184e+00  -1.5500e+00
   7.7895e+00  -2.6566e+00  -1.5500e+00
   7.7764e+00  -2.6947e+00  -1.5500e+00
   7.7631e+00  -2.7327e+00  -1.5500e+00
   7.7496e+00  -2.7706e+00  -1.5500e+00
   7.7360e+00  -2.8085e+00  -1.5500e+00
   7.7221e+00  -2.8463e+00  -1.5500e+00
   7.7081e+00  -2.8841e+00  -1.5500e+00
   7.6939e+00  -2.9218e+00  -1.5500e+00
   7.6795e+00  -2.9594e+00  -1.5500e+00
   7.6649e+00  -2.9969e+00  -1.5500e+00
   7.6502e+00  -3.0344e+00  -1.5500e+00
   7.6352e+00  -3.0718e+00  -1.5500e+00
   7.6201e+00  -3.1091e+00  -1.5500e+00
   7.6048e+00  -3.1464e+00  -1.5500e+00
   7.5893e+00  -3.1836e+00  -1.5500e+00
   7.5737e+00  -3.2207e+00  -1.5500e+00
   7.5578e+00  -3.2577e+00  -1.5500e+00
   7.5418e+00  -3.2946e+00  -1.5500e+00
   7.5256e+00  -3.3315e+00  -1.5500e+00
   7.5092e+00  -3.3683e+00  -1.5500e+00
   7.4926e+00  -3.4050e+00  -1.5500e+00
   7.4758e+00  -3.4416e+00  -1.5500e+00
   7.4589e+00  -3.4781e+00  -1.5500e+00
   7.4381e+00  -3.4684e+00  -1.5915e+00
   7.4172e+00  -3.4587e+00  -1.6330e+00
   7.3964e+00  -3.4490e+00  -1.6745e+00
   7.3755e+00  -3.4393e+00  -1.7160e+00
   7.3547e+00  -3.4295e+00  -1.7575e+00
   7.3338e+00  -3.4198e+00  -1.7990e+00
   7.3130e+00  -3.4101e+00  -1.8405e+00
   7.2922e+00  -3.4004e+00  -1.8820e+00
   7.2713e+00  -3.3907e+00  -1.9235e+00
   7.2505e+00  -3.3809e+00  -1.9650e+00
   7.2296e+00  -3.3712e+00  -2.0065e+00
   7.2088e+00  -3.3615e+00  -2.0480e+00
   7.1879e+00  -3.3518e+00  -2.0895e+00
   7.1671e+00  -3.3421e+00  -2.1310e+00
   7.1462e+00  -3.3323e+00  -2.1725e+00
   7.1254e+00  -3.3226e+00  -2.2140e+00
   7.1045e+00  -3.3129e+00  -2.2555e+00
   7.0837e+00  -3.3032e+00  -2.2970e+00
   7.0629e+00  -3.2935e+00  -2.3385e+00
   7.0420e+00  -3.2837e+00  -2.3800e+00
