    9    1  267    1.00
   8.2564e+00   2.4770e+00  -5.5000e-01
   8.2448e+00   2.5154e+00  -5.5000e-01
   8.2330e+00   2.5538e+00  -5.5000e-01
   8.2210e+00   2.5921e+00  -5.5000e-01
   8.2089e+00   2.6303e+00  -5.5000e-01
   8.1966e+00   2.6685e+00  -5.5000e-01
   8.1840e+00   2.7066e+00  -5.5000e-01
   8.1714e+00   2.7447e+00  -5.5000e-01
   8.1585e+00   2.7827e+00  -5.5000e-01
   8.1455e+00   2.8206e+00  -5.5000e-01
   8.1322e+00   2.8585e+00  -5.5000e-01
   8.1189e+00   2.8963e+00  -5.5000e-01
   8.1053e+00   2.9341e+00  -5.5000e-01
   8.0915e+00   2.9718e+00  -5.5000e-01
   8.0776e+00   3.0094e+00  -5.5000e-01
   8.0635e+00   3.0470e+00  -5.5000e-01
   8.0493e+00   3.0844e+00  -5.5000e-01
   8.0348e+00   3.1219e+00  -5.5000e-01
   8.0202e+00   3.1592e+00  -5.5000e-01
   8.0054e+00   3.1965e+00  -5.5000e-01
   7.9904e+00   3.2338e+00  -5.5000e-01
   7.9753e+00   3.2709e+00  -5.5000e-01
   7.9600e+00   3.3080e+00  -5.5000e-01
   7.9445e+00   3.3450e+00  -5.5000e-01
   7.9289e+00   3.3819e+00  -5.5000e-01
   7.9130e+00   3.4188e+00  -5.5000e-01
   7.8970e+00   3.4556e+00  -5.5000e-01
   7.8809e+00   3.4923e+00  -5.5000e-01
   7.8645e+00   3.5290e+00  -5.5000e-01
   7.8480e+00   3.5655e+00  -5.5000e-01
   7.8313e+00   3.6020e+00  -5.5000e-01
   7.8145e+00   3.6384e+00  -5.5000e-01
   7.7975e+00   3.6748e+00  -5.5000e-01
   7.7803e+00   3.7110e+00  -5.5000e-01
   7.7629e+00   3.7472e+00  -5.5000e-01
   7.7454e+00   3.7833e+00  -5.5000e-01
   7.7277e+00   3.8193e+00  -5.5000e-01
   7.7099e+00   3.8552e+00  -5.5000e-01
   7.6918e+00   3.8910e+00  -5.5000e-01
   7.6736e+00   3.9268e+00  -5.5000e-01
   7.6553e+00   3.9625e+00  -5.5000e-01
   7.6368e+00   3.9981e+00  -5.5000e-01
   7.6181e+00   4.0336e+00  -5.5000e-01
   7.5992e+00   4.0690e+00  -5.5000e-01
   7.5802e+00   4.1043e+00  -5.5000e-01
   7.5610e+00   4.1395e+00  -5.5000e-01
   7.5417e+00   4.1747e+00  -5.5000e-01
   7.5221e+00   4.2097e+00  -5.5000e-01
   7.5025e+00   4.2447e+00  -5.5000e-01
   7.4826e+00   4.2796e+00  -5.5000e-01
   7.4626e+00   4.3143e+00  -5.5000e-01
   7.4425e+00   4.3490e+00  -5.5000e-01
   7.4221e+00   4.3836e+00  -5.5000e-01
   7.4017e+00   4.4181e+00  -5.5000e-01
   7.3810e+00   4.4525e+00  -5.5000e-01
   7.3602e+00   4.4868e+00  -5.5000e-01
   7.3393e+00   4.5210e+00  -5.5000e-01
   7.3181e+00   4.5551e+00  -5.5000e-01
   7.2969e+00   4.5891e+00  -5.5000e-01
   7.2754e+00   4.6231e+00  -5.5000e-01
   7.2538e+00   4.6569e+00  -5.5000e-01
   7.2321e+00   4.6906e+00  -5.5000e-01
   7.2102e+00   4.7242e+00  -5.5000e-01
   7.1881e+00   4.7577e+00  -5.5000e-01
   7.1659e+00   4.7911e+00  -5.5000e-01
   7.1435e+00   4.8244e+00  -5.5000e-01
   7.1210e+00   4.8576e+00  -5.5000e-01
   7.0983e+00   4.8907e+00  -5.5000e-01
   7.0754e+00   4.9237e+00  -5.5000e-01
   7.0525e+00   4.9565e+00  -5.5000e-01
   7.0293e+00   4.9893e+00  -5.5000e-01
   7.0060e+00   5.0220e+00  -5.5000e-01
   6.9826e+00   5.0545e+00  -5.5000e-01
   6.9590e+00   5.0870e+00  -5.5000e-01
   6.9352e+00   5.1193e+00  -5.5000e-01
   6.9113e+00   5.1515e+00  -5.5000e-01
   6.9124e+00   5.1524e+00  -5.0966e-01
   6.9135e+00   5.1532e+00  -4.6931e-01
   6.9146e+00   5.1540e+00  -4.2897e-01
   6.9157e+00   5.1548e+00  -3.8862e-01
   6.9168e+00   5.1557e+00  -3.4828e-01
   6.9179e+00   5.1565e+00  -3.0793e-01
   6.9190e+00   5.1573e+00  -2.6759e-01
   6.9202e+00   5.1581e+00  -2.2724e-01
   6.9213e+00   5.1589e+00  -1.8690e-01
   6.9224e+00   5.1598e+00  -1.4655e-01
   6.9235e+00   5.1606e+00  -1.0621e-01
   6.9246e+00   5.1614e+00  -6.5862e-02
   6.9257e+00   5.1622e+00  -2.5517e-02
   6.9268e+00   5.1631e+00   1.4828e-02
   6.9279e+00   5.1639e+00   5.5172e-02
   6.9290e+00   5.1647e+00   9.5517e-02
   6.9301e+00   5.1655e+00   1.3586e-01
   6.9312e+00   5.1664e+00   1.7621e-01
   6.9323e+00   5.1672e+00   2.1655e-01
   6.9334e+00   5.1680e+00   2.5690e-01
   6.9345e+00   5.1688e+00   2.9724e-01
   6.9356e+00   5.1697e+00   3.3759e-01
   6.9367e+00   5.1705e+00   3.7793e-01
   6.9378e+00   5.1713e+00   4.1828e-01
   6.9390e+00   5.1721e+00   4.5862e-01
   6.9401e+00   5.1730e+00   4.9897e-01
   6.9412e+00   5.1738e+00   5.3931e-01
   6.9423e+00   5.1746e+00   5.7966e-01
   6.9434e+00   5.1754e+00   6.2000e-01
   6.9423e+00   5.1746e+00   6.6034e-01
   6.9412e+00   5.1738e+00   7.0069e-01
   6.9401e+00   5.1730e+00   7.4103e-01
   6.9390e+00   5.1721e+00   7.8138e-01
   6.9378e+00   5.1713e+00   8.2172e-01
   6.9367e+00   5.1705e+00   8.6207e-01
   6.9356e+00   5.1697e+00   9.0241e-01
   6.9345e+00   5.1688e+00   9.4276e-01
   6.9334e+00   5.1680e+00   9.8310e-01
   6.9323e+00   5.1672e+00   1.0234e+00
   6.9312e+00   5.1664e+00   1.0638e+00
   6.9301e+00   5.1655e+00   1.1041e+00
   6.9290e+00   5.1647e+00   1.1445e+00
   6.9279e+00   5.1639e+00   1.1848e+00
   6.9268e+00   5.1631e+00   1.2252e+00
   6.9257e+00   5.1622e+00   1.2655e+00
   6.9246e+00   5.1614e+00   1.3059e+00
   6.9235e+00   5.1606e+00   1.3462e+00
   6.9224e+00   5.1598e+00   1.3866e+00
   6.9213e+00   5.1589e+00   1.4269e+00
   6.9202e+00   5.1581e+00   1.4672e+00
   6.9190e+00   5.1573e+00   1.5076e+00
   6.9179e+00   5.1565e+00   1.5479e+00
   6.9168e+00   5.1557e+00   1.5883e+00
   6.9157e+00   5.1548e+00   1.6286e+00
   6.9146e+00   5.1540e+00   1.6690e+00
   6.9135e+00   5.1532e+00   1.7093e+00
   6.9124e+00   5.1524e+00   1.7497e+00
   6.9113e+00   5.1515e+00   1.7900e+00
   6.9352e+00   5.1193e+00   1.7900e+00
   6.9590e+00   5.0870e+00   1.7900e+00
   6.9826e+00   5.0545e+00   1.7900e+00
   7.0060e+00   5.0220e+00   1.7900e+00
   7.0293e+00   4.9893e+00   1.7900e+00
   7.0525e+00   4.9565e+00   1.7900e+00
   7.0754e+00   4.9237e+00   1.7900e+00
   7.0983e+00   4.8907e+00   1.7900e+00
   7.1210e+00   4.8576e+00   1.7900e+00
   7.1435e+00   4.8244e+00   1.7900e+00
   7.1659e+00   4.7911e+00   1.7900e+00
   7.1881e+00   4.7577e+00   1.7900e+00
   7.2102e+00   4.7242e+00   1.7900e+00
   7.2321e+00   4.6906e+00   1.7900e+00
   7.2538e+00   4.6569e+00   1.7900e+00
   7.2754e+00   4.6231e+00   1.7900e+00
   7.2969e+00   4.5891e+00   1.7900e+00
   7.3181e+00   4.5551e+00   1.7900e+00
   7.3393e+00   4.5210e+00   1.7900e+00
   7.3602e+00   4.4868e+00   1.7900e+00
   7.3810e+00   4.4525e+00   1.7900e+00
   7.4017e+00   4.4181e+00   1.7900e+00
   7.4221e+00   4.3836e+00   1.7900e+00
   7.4425e+00   4.3490e+00   1.7900e+00
   7.4626e+00   4.3143e+00   1.7900e+00
   7.4826e+00   4.2796e+00   1.7900e+00
   7.5025e+00   4.2447e+00   1.7900e+00
   7.5221e+00   4.2097e+00   1.7900e+00
   7.5417e+00   4.1747e+00   1.7900e+00
   7.5610e+00   4.1395e+00   1.7900e+00
   7.5802e+00   4.1043e+00   1.7900e+00
   7.5992e+00   4.0690e+00   1.7900e+00
   7.6181e+00   4.0336e+00   1.7900e+00
   7.6368e+00   3.9981e+00   1.7900e+00
   7.6553e+00   3.9625e+00   1.7900e+00
   7.6736e+00   3.9268e+00   1.7900e+00
   7.6918e+00   3.8910e+00   1.7900e+00
   7.7099e+00   3.8552e+00   1.7900e+00
   7.7277e+00   3.8193e+00   1.7900e+00
   7.7454e+00   3.7833e+00   1.7900e+00
   7.7629e+00   3.7472e+00   1.7900e+00
   7.7803e+00   3.7110e+00   1.7900e+00
   7.7975e+00   3.6748e+00   1.7900e+00
   7.8145e+00   3.6384e+00   1.7900e+00
   7.8313e+00   3.6020e+00   1.7900e+00
   7.8480e+00   3.5655e+00   1.7900e+00
   7.8645e+00   3.5290e+00   1.7900e+00
   7.8809e+00   3.4923e+00   1.7900e+00
   7.8970e+00   3.4556e+00   1.7900e+00
   7.9130e+00   3.4188e+00   1.7900e+00
   7.9289e+00   3.3819e+00   1.7900e+00
   7.9445e+00   3.3450e+00   1.7900e+00
   7.9600e+00   3.3080e+00   1.7900e+00
   7.9753e+00   3.2709e+00   1.7900e+00
   7.9904e+00   3.2338e+00   1.7900e+00
   8.0054e+00   3.1965e+00   1.7900e+00
   8.0202e+00   3.1592e+00   1.7900e+00
   8.0348e+00   3.1219e+00   1.7900e+00
   8.0493e+00   3.0844e+00   1.7900e+00
   8.0635e+00   3.0470e+00   1.7900e+00
   8.0776e+00   3.0094e+00   1.7900e+00
   8.0915e+00   2.9718e+00   1.7900e+00
   8.1053e+00   2.9341e+00   1.7900e+00
   8.1189e+00   2.8963e+00   1.7900e+00
   8.1322e+00   2.8585e+00   1.7900e+00
   8.1455e+00   2.8206e+00   1.7900e+00
   8.1585e+00   2.7827e+00   1.7900e+00
   8.1714e+00   2.7447e+00   1.7900e+00
   8.1840e+00   2.7066e+00   1.7900e+00
   8.1966e+00   2.6685e+00   1.7900e+00
   8.2089e+00   2.6303e+00   1.7900e+00
   8.2210e+00   2.5921e+00   1.7900e+00
   8.2330e+00   2.5538e+00   1.7900e+00
   8.2448e+00   2.5154e+00   1.7900e+00
   8.2564e+00   2.4770e+00   1.7900e+00
   8.2578e+00   2.4774e+00   1.7497e+00
   8.2591e+00   2.4778e+00   1.7093e+00
   8.2604e+00   2.4782e+00   1.6690e+00
   8.2617e+00   2.4786e+00   1.6286e+00
   8.2630e+00   2.4790e+00   1.5883e+00
   8.2644e+00   2.4794e+00   1.5479e+00
   8.2657e+00   2.4798e+00   1.5076e+00
   8.2670e+00   2.4802e+00   1.4672e+00
   8.2683e+00   2.4806e+00   1.4269e+00
   8.2696e+00   2.4810e+00   1.3866e+00
   8.2710e+00   2.4814e+00   1.3462e+00
   8.2723e+00   2.4818e+00   1.3059e+00
   8.2736e+00   2.4822e+00   1.2655e+00
   8.2749e+00   2.4826e+00   1.2252e+00
   8.2762e+00   2.4830e+00   1.1848e+00
   8.2776e+00   2.4834e+00   1.1445e+00
   8.2789e+00   2.4838e+00   1.1041e+00
   8.2802e+00   2.4842e+00   1.0638e+00
   8.2815e+00   2.4846e+00   1.0234e+00
   8.2829e+00   2.4850e+00   9.8310e-01
   8.2842e+00   2.4854e+00   9.4276e-01
   8.2855e+00   2.4858e+00   9.0241e-01
   8.2868e+00   2.4862e+00   8.6207e-01
   8.2881e+00   2.4866e+00   8.2172e-01
   8.2895e+00   2.4870e+00   7.8138e-01
   8.2908e+00   2.4874e+00   7.4103e-01
   8.2921e+00   2.4877e+00   7.0069e-01
   8.2934e+00   2.4881e+00   6.6034e-01
   8.2947e+00   2.4885e+00   6.2000e-01
   8.2934e+00   2.4881e+00   5.7966e-01
   8.2921e+00   2.4877e+00   5.3931e-01
   8.2908e+00   2.4874e+00   4.9897e-01
   8.2895e+00   2.4870e+00   4.5862e-01
   8.2881e+00   2.4866e+00   4.1828e-01
   8.2868e+00   2.4862e+00   3.7793e-01
   8.2855e+00   2.4858e+00   3.3759e-01
   8.2842e+00   2.4854e+00   2.9724e-01
   8.2829e+00   2.4850e+00   2.5690e-01
   8.2815e+00   2.4846e+00   2.1655e-01
   8.2802e+00   2.4842e+00   1.7621e-01
   8.2789e+00   2.4838e+00   1.3586e-01
   8.2776e+00   2.4834e+00   9.5517e-02
   8.2762e+00   2.4830e+00   5.5172e-02
   8.2749e+00   2.4826e+00   1.4828e-02
   8.2736e+00   2.4822e+00  -2.5517e-02
   8.2723e+00   2.4818e+00  -6.5862e-02
   8.2710e+00   2.4814e+00  -1.0621e-01
   8.2696e+00   2.4810e+00  -1.4655e-01
   8.2683e+00   2.4806e+00  -1.8690e-01
   8.2670e+00   2.4802e+00  -2.2724e-01
   8.2657e+00   2.4798e+00  -2.6759e-01
   8.2644e+00   2.4794e+00  -3.0793e-01
   8.2630e+00   2.4790e+00  -3.4828e-01
   8.2617e+00   2.4786e+00  -3.8862e-01
   8.2604e+00   2.4782e+00  -4.2897e-01
   8.2591e+00   2.4778e+00  -4.6931e-01
   8.2578e+00   2.4774e+00  -5.0966e-01
   8.2564e+00   2.4770e+00  -5.5000e-01
   4.7326e+00   7.2047e+00  -5.5000e-01
   4.6990e+00   7.2266e+00  -5.5000e-01
   4.6653e+00   7.2484e+00  -5.5000e-01
   4.6315e+00   7.2700e+00  -5.5000e-01
   4.5976e+00   7.2915e+00  -5.5000e-01
   4.5637e+00   7.3128e+00  -5.5000e-01
   4.5296e+00   7.3340e+00  -5.5000e-01
   4.4954e+00   7.3550e+00  -5.5000e-01
   4.4611e+00   7.3758e+00  -5.5000e-01
   4.4267e+00   7.3965e+00  -5.5000e-01
   4.3923e+00   7.4170e+00  -5.5000e-01
   4.3577e+00   7.4374e+00  -5.5000e-01
   4.3230e+00   7.4576e+00  -5.5000e-01
   4.2883e+00   7.4776e+00  -5.5000e-01
   4.2534e+00   7.4975e+00  -5.5000e-01
   4.2185e+00   7.5172e+00  -5.5000e-01
   4.1834e+00   7.5368e+00  -5.5000e-01
   4.1483e+00   7.5562e+00  -5.5000e-01
   4.1131e+00   7.5754e+00  -5.5000e-01
   4.0778e+00   7.5945e+00  -5.5000e-01
   4.0424e+00   7.6134e+00  -5.5000e-01
   4.0069e+00   7.6321e+00  -5.5000e-01
   3.9714e+00   7.6507e+00  -5.5000e-01
   3.9357e+00   7.6691e+00  -5.5000e-01
   3.9000e+00   7.6873e+00  -5.5000e-01
   3.8642e+00   7.7054e+00  -5.5000e-01
   3.8283e+00   7.7233e+00  -5.5000e-01
   3.7923e+00   7.7410e+00  -5.5000e-01
   3.7562e+00   7.7586e+00  -5.5000e-01
   3.7201e+00   7.7760e+00  -5.5000e-01
   3.6838e+00   7.7932e+00  -5.5000e-01
   3.6475e+00   7.8103e+00  -5.5000e-01
   3.6111e+00   7.8271e+00  -5.5000e-01
   3.5747e+00   7.8439e+00  -5.5000e-01
   3.5381e+00   7.8604e+00  -5.5000e-01
   3.5015e+00   7.8768e+00  -5.5000e-01
   3.4648e+00   7.8930e+00  -5.5000e-01
   3.4280e+00   7.9091e+00  -5.5000e-01
   3.3912e+00   7.9249e+00  -5.5000e-01
   3.3542e+00   7.9406e+00  -5.5000e-01
   3.3173e+00   7.9561e+00  -5.5000e-01
   3.2802e+00   7.9715e+00  -5.5000e-01
   3.2431e+00   7.9867e+00  -5.5000e-01
   3.2058e+00   8.0017e+00  -5.5000e-01
   3.1686e+00   8.0165e+00  -5.5000e-01
   3.1312e+00   8.0312e+00  -5.5000e-01
   3.0938e+00   8.0457e+00  -5.5000e-01
   3.0563e+00   8.0600e+00  -5.5000e-01
   3.0188e+00   8.0741e+00  -5.5000e-01
   2.9812e+00   8.0881e+00  -5.5000e-01
   2.9435e+00   8.1019e+00  -5.5000e-01
   2.9058e+00   8.1155e+00  -5.5000e-01
   2.8680e+00   8.1289e+00  -5.5000e-01
   2.8301e+00   8.1422e+00  -5.5000e-01
   2.7922e+00   8.1553e+00  -5.5000e-01
   2.7542e+00   8.1682e+00  -5.5000e-01
   2.7161e+00   8.1809e+00  -5.5000e-01
   2.6780e+00   8.1934e+00  -5.5000e-01
   2.6399e+00   8.2058e+00  -5.5000e-01
   2.6016e+00   8.2180e+00  -5.5000e-01
   2.5634e+00   8.2300e+00  -5.5000e-01
   2.5250e+00   8.2419e+00  -5.5000e-01
   2.4867e+00   8.2535e+00  -5.5000e-01
   2.4482e+00   8.2650e+00  -5.5000e-01
   2.4097e+00   8.2763e+00  -5.5000e-01
   2.3712e+00   8.2875e+00  -5.5000e-01
   2.3326e+00   8.2984e+00  -5.5000e-01
   2.2939e+00   8.3092e+00  -5.5000e-01
   2.2552e+00   8.3198e+00  -5.5000e-01
   2.2165e+00   8.3302e+00  -5.5000e-01
   2.1777e+00   8.3404e+00  -5.5000e-01
   2.1388e+00   8.3504e+00  -5.5000e-01
   2.1000e+00   8.3603e+00  -5.5000e-01
   2.0610e+00   8.3700e+00  -5.5000e-01
   2.0221e+00   8.3795e+00  -5.5000e-01
   1.9830e+00   8.3888e+00  -5.5000e-01
   1.9833e+00   8.3901e+00  -5.0966e-01
   1.9837e+00   8.3915e+00  -4.6931e-01
   1.9840e+00   8.3928e+00  -4.2897e-01
   1.9843e+00   8.3942e+00  -3.8862e-01
   1.9846e+00   8.3955e+00  -3.4828e-01
   1.9849e+00   8.3969e+00  -3.0793e-01
   1.9852e+00   8.3982e+00  -2.6759e-01
   1.9856e+00   8.3995e+00  -2.2724e-01
   1.9859e+00   8.4009e+00  -1.8690e-01
   1.9862e+00   8.4022e+00  -1.4655e-01
   1.9865e+00   8.4036e+00  -1.0621e-01
   1.9868e+00   8.4049e+00  -6.5862e-02
   1.9872e+00   8.4063e+00  -2.5517e-02
   1.9875e+00   8.4076e+00   1.4828e-02
   1.9878e+00   8.4089e+00   5.5172e-02
   1.9881e+00   8.4103e+00   9.5517e-02
   1.9884e+00   8.4116e+00   1.3586e-01
   1.9887e+00   8.4130e+00   1.7621e-01
   1.9891e+00   8.4143e+00   2.1655e-01
   1.9894e+00   8.4156e+00   2.5690e-01
   1.9897e+00   8.4170e+00   2.9724e-01
   1.9900e+00   8.4183e+00   3.3759e-01
   1.9903e+00   8.4197e+00   3.7793e-01
   1.9906e+00   8.4210e+00   4.1828e-01
   1.9910e+00   8.4224e+00   4.5862e-01
   1.9913e+00   8.4237e+00   4.9897e-01
   1.9916e+00   8.4250e+00   5.3931e-01
   1.9919e+00   8.4264e+00   5.7966e-01
   1.9922e+00   8.4277e+00   6.2000e-01
   1.9919e+00   8.4264e+00   6.6034e-01
   1.9916e+00   8.4250e+00   7.0069e-01
   1.9913e+00   8.4237e+00   7.4103e-01
   1.9910e+00   8.4224e+00   7.8138e-01
   1.9906e+00   8.4210e+00   8.2172e-01
   1.9903e+00   8.4197e+00   8.6207e-01
   1.9900e+00   8.4183e+00   9.0241e-01
   1.9897e+00   8.4170e+00   9.4276e-01
   1.9894e+00   8.4156e+00   9.8310e-01
   1.9891e+00   8.4143e+00   1.0234e+00
   1.9887e+00   8.4130e+00   1.0638e+00
   1.9884e+00   8.4116e+00   1.1041e+00
   1.9881e+00   8.4103e+00   1.1445e+00
   1.9878e+00   8.4089e+00   1.1848e+00
   1.9875e+00   8.4076e+00   1.2252e+00
   1.9872e+00   8.4063e+00   1.2655e+00
   1.9868e+00   8.4049e+00   1.3059e+00
   1.9865e+00   8.4036e+00   1.3462e+00
   1.9862e+00   8.4022e+00   1.3866e+00
   1.9859e+00   8.4009e+00   1.4269e+00
   1.9856e+00   8.3995e+00   1.4672e+00
   1.9852e+00   8.3982e+00   1.5076e+00
   1.9849e+00   8.3969e+00   1.5479e+00
   1.9846e+00   8.3955e+00   1.5883e+00
   1.9843e+00   8.3942e+00   1.6286e+00
   1.9840e+00   8.3928e+00   1.6690e+00
   1.9837e+00   8.3915e+00   1.7093e+00
   1.9833e+00   8.3901e+00   1.7497e+00
   1.9830e+00   8.3888e+00   1.7900e+00
   2.0221e+00   8.3795e+00   1.7900e+00
   2.0610e+00   8.3700e+00   1.7900e+00
   2.1000e+00   8.3603e+00   1.7900e+00
   2.1388e+00   8.3504e+00   1.7900e+00
   2.1777e+00   8.3404e+00   1.7900e+00
   2.2165e+00   8.3302e+00   1.7900e+00
   2.2552e+00   8.3198e+00   1.7900e+00
   2.2939e+00   8.3092e+00   1.7900e+00
   2.3326e+00   8.2984e+00   1.7900e+00
   2.3712e+00   8.2875e+00   1.7900e+00
   2.4097e+00   8.2763e+00   1.7900e+00
   2.4482e+00   8.2650e+00   1.7900e+00
   2.4867e+00   8.2535e+00   1.7900e+00
   2.5250e+00   8.2419e+00   1.7900e+00
   2.5634e+00   8.2300e+00   1.7900e+00
   2.6016e+00   8.2180e+00   1.7900e+00
   2.6399e+00   8.2058e+00   1.7900e+00
   2.6780e+00   8.1934e+00   1.7900e+00
   2.7161e+00   8.1809e+00   1.7900e+00
   2.7542e+00   8.1682e+00   1.7900e+00
   2.7922e+00   8.1553e+00   1.7900e+00
   2.8301e+00   8.1422e+00   1.7900e+00
   2.8680e+00   8.1289e+00   1.7900e+00
   2.9058e+00   8.1155e+00   1.7900e+00
   2.9435e+00   8.1019e+00   1.7900e+00
   2.9812e+00   8.0881e+00   1.7900e+00
   3.0188e+00   8.0741e+00   1.7900e+00
   3.0563e+00   8.0600e+00   1.7900e+00
   3.0938e+00   8.0457e+00   1.7900e+00
   3.1312e+00   8.0312e+00   1.7900e+00
   3.1686e+00   8.0165e+00   1.7900e+00
   3.2058e+00   8.0017e+00   1.7900e+00
   3.2431e+00   7.9867e+00   1.7900e+00
   3.2802e+00   7.9715e+00   1.7900e+00
   3.3173e+00   7.9561e+00   1.7900e+00
   3.3542e+00   7.9406e+00   1.7900e+00
   3.3912e+00   7.9249e+00   1.7900e+00
   3.4280e+00   7.9091e+00   1.7900e+00
   3.4648e+00   7.8930e+00   1.7900e+00
   3.5015e+00   7.8768e+00   1.7900e+00
   3.5381e+00   7.8604e+00   1.7900e+00
   3.5747e+00   7.8439e+00   1.7900e+00
   3.6111e+00   7.8271e+00   1.7900e+00
   3.6475e+00   7.8103e+00   1.7900e+00
   3.6838e+00   7.7932e+00   1.7900e+00
   3.7201e+00   7.7760e+00   1.7900e+00
   3.7562e+00   7.7586e+00   1.7900e+00
   3.7923e+00   7.7410e+00   1.7900e+00
   3.8283e+00   7.7233e+00   1.7900e+00
   3.8642e+00   7.7054e+00   1.7900e+00
   3.9000e+00   7.6873e+00   1.7900e+00
   3.9357e+00   7.6691e+00   1.7900e+00
   3.9714e+00   7.6507e+00   1.7900e+00
   4.0069e+00   7.6321e+00   1.7900e+00
   4.0424e+00   7.6134e+00   1.7900e+00
   4.0778e+00   7.5945e+00   1.7900e+00
   4.1131e+00   7.5754e+00   1.7900e+00
   4.1483e+00   7.5562e+00   1.7900e+00
   4.1834e+00   7.5368e+00   1.7900e+00
   4.2185e+00   7.5172e+00   1.7900e+00
   4.2534e+00   7.4975e+00   1.7900e+00
   4.2883e+00   7.4776e+00   1.7900e+00
   4.3230e+00   7.4576e+00   1.7900e+00
   4.3577e+00   7.4374e+00   1.7900e+00
   4.3923e+00   7.4170e+00   1.7900e+00
   4.4267e+00   7.3965e+00   1.7900e+00
   4.4611e+00   7.3758e+00   1.7900e+00
   4.4954e+00   7.3550e+00   1.7900e+00
   4.5296e+00   7.3340e+00   1.7900e+00
   4.5637e+00   7.3128e+00   1.7900e+00
   4.5976e+00   7.2915e+00   1.7900e+00
   4.6315e+00   7.2700e+00   1.7900e+00
   4.6653e+00   7.2484e+00   1.7900e+00
   4.6990e+00   7.2266e+00   1.7900e+00
   4.7326e+00   7.2047e+00   1.7900e+00
   4.7333e+00   7.2058e+00   1.7497e+00
   4.7341e+00   7.2070e+00   1.7093e+00
   4.7348e+00   7.2081e+00   1.6690e+00
   4.7356e+00   7.2093e+00   1.6286e+00
   4.7364e+00   7.2104e+00   1.5883e+00
   4.7371e+00   7.2116e+00   1.5479e+00
   4.7379e+00   7.2127e+00   1.5076e+00
   4.7386e+00   7.2139e+00   1.4672e+00
   4.7394e+00   7.2150e+00   1.4269e+00
   4.7401e+00   7.2162e+00   1.3866e+00
   4.7409e+00   7.2173e+00   1.3462e+00
   4.7417e+00   7.2185e+00   1.3059e+00
   4.7424e+00   7.2196e+00   1.2655e+00
   4.7432e+00   7.2208e+00   1.2252e+00
   4.7439e+00   7.2220e+00   1.1848e+00
   4.7447e+00   7.2231e+00   1.1445e+00
   4.7455e+00   7.2243e+00   1.1041e+00
   4.7462e+00   7.2254e+00   1.0638e+00
   4.7470e+00   7.2266e+00   1.0234e+00
   4.7477e+00   7.2277e+00   9.8310e-01
   4.7485e+00   7.2289e+00   9.4276e-01
   4.7492e+00   7.2300e+00   9.0241e-01
   4.7500e+00   7.2312e+00   8.6207e-01
   4.7508e+00   7.2323e+00   8.2172e-01
   4.7515e+00   7.2335e+00   7.8138e-01
   4.7523e+00   7.2346e+00   7.4103e-01
   4.7530e+00   7.2358e+00   7.0069e-01
   4.7538e+00   7.2369e+00   6.6034e-01
   4.7545e+00   7.2381e+00   6.2000e-01
   4.7538e+00   7.2369e+00   5.7966e-01
   4.7530e+00   7.2358e+00   5.3931e-01
   4.7523e+00   7.2346e+00   4.9897e-01
   4.7515e+00   7.2335e+00   4.5862e-01
   4.7508e+00   7.2323e+00   4.1828e-01
   4.7500e+00   7.2312e+00   3.7793e-01
   4.7492e+00   7.2300e+00   3.3759e-01
   4.7485e+00   7.2289e+00   2.9724e-01
   4.7477e+00   7.2277e+00   2.5690e-01
   4.7470e+00   7.2266e+00   2.1655e-01
   4.7462e+00   7.2254e+00   1.7621e-01
   4.7455e+00   7.2243e+00   1.3586e-01
   4.7447e+00   7.2231e+00   9.5517e-02
   4.7439e+00   7.2220e+00   5.5172e-02
   4.7432e+00   7.2208e+00   1.4828e-02
   4.7424e+00   7.2196e+00  -2.5517e-02
   4.7417e+00   7.2185e+00  -6.5862e-02
   4.7409e+00   7.2173e+00  -1.0621e-01
   4.7401e+00   7.2162e+00  -1.4655e-01
   4.7394e+00   7.2150e+00  -1.8690e-01
   4.7386e+00   7.2139e+00  -2.2724e-01
   4.7379e+00   7.2127e+00  -2.6759e-01
   4.7371e+00   7.2116e+00  -3.0793e-01
   4.7364e+00   7.2104e+00  -3.4828e-01
   4.7356e+00   7.2093e+00  -3.8862e-01
   4.7348e+00   7.2081e+00  -4.2897e-01
   4.7341e+00   7.2070e+00  -4.6931e-01
   4.7333e+00   7.2058e+00  -5.0966e-01
   4.7326e+00   7.2047e+00  -5.5000e-01
  -1.0057e+00   8.5611e+00  -5.5000e-01
  -1.0455e+00   8.5564e+00  -5.5000e-01
  -1.0853e+00   8.5514e+00  -5.5000e-01
  -1.1251e+00   8.5463e+00  -5.5000e-01
  -1.1649e+00   8.5409e+00  -5.5000e-01
  -1.2046e+00   8.5354e+00  -5.5000e-01
  -1.2444e+00   8.5297e+00  -5.5000e-01
  -1.2840e+00   8.5238e+00  -5.5000e-01
  -1.3237e+00   8.5178e+00  -5.5000e-01
  -1.3633e+00   8.5115e+00  -5.5000e-01
  -1.4029e+00   8.5051e+00  -5.5000e-01
  -1.4425e+00   8.4984e+00  -5.5000e-01
  -1.4820e+00   8.4916e+00  -5.5000e-01
  -1.5215e+00   8.4847e+00  -5.5000e-01
  -1.5610e+00   8.4775e+00  -5.5000e-01
  -1.6004e+00   8.4701e+00  -5.5000e-01
  -1.6399e+00   8.4626e+00  -5.5000e-01
  -1.6792e+00   8.4549e+00  -5.5000e-01
  -1.7186e+00   8.4470e+00  -5.5000e-01
  -1.7578e+00   8.4389e+00  -5.5000e-01
  -1.7971e+00   8.4306e+00  -5.5000e-01
  -1.8363e+00   8.4221e+00  -5.5000e-01
  -1.8755e+00   8.4135e+00  -5.5000e-01
  -1.9146e+00   8.4047e+00  -5.5000e-01
  -1.9537e+00   8.3957e+00  -5.5000e-01
  -1.9928e+00   8.3865e+00  -5.5000e-01
  -2.0318e+00   8.3771e+00  -5.5000e-01
  -2.0708e+00   8.3676e+00  -5.5000e-01
  -2.1097e+00   8.3578e+00  -5.5000e-01
  -2.1486e+00   8.3479e+00  -5.5000e-01
  -2.1874e+00   8.3378e+00  -5.5000e-01
  -2.2262e+00   8.3276e+00  -5.5000e-01
  -2.2649e+00   8.3171e+00  -5.5000e-01
  -2.3036e+00   8.3065e+00  -5.5000e-01
  -2.3422e+00   8.2957e+00  -5.5000e-01
  -2.3808e+00   8.2847e+00  -5.5000e-01
  -2.4193e+00   8.2735e+00  -5.5000e-01
  -2.4578e+00   8.2622e+00  -5.5000e-01
  -2.4963e+00   8.2506e+00  -5.5000e-01
  -2.5346e+00   8.2389e+00  -5.5000e-01
  -2.5729e+00   8.2270e+00  -5.5000e-01
  -2.6112e+00   8.2150e+00  -5.5000e-01
  -2.6494e+00   8.2027e+00  -5.5000e-01
  -2.6876e+00   8.1903e+00  -5.5000e-01
  -2.7257e+00   8.1777e+00  -5.5000e-01
  -2.7637e+00   8.1650e+00  -5.5000e-01
  -2.8017e+00   8.1520e+00  -5.5000e-01
  -2.8396e+00   8.1389e+00  -5.5000e-01
  -2.8774e+00   8.1256e+00  -5.5000e-01
  -2.9152e+00   8.1121e+00  -5.5000e-01
  -2.9529e+00   8.0984e+00  -5.5000e-01
  -2.9906e+00   8.0846e+00  -5.5000e-01
  -3.0282e+00   8.0706e+00  -5.5000e-01
  -3.0657e+00   8.0564e+00  -5.5000e-01
  -3.1032e+00   8.0421e+00  -5.5000e-01
  -3.1406e+00   8.0275e+00  -5.5000e-01
  -3.1779e+00   8.0128e+00  -5.5000e-01
  -3.2152e+00   7.9979e+00  -5.5000e-01
  -3.2523e+00   7.9829e+00  -5.5000e-01
  -3.2895e+00   7.9677e+00  -5.5000e-01
  -3.3265e+00   7.9523e+00  -5.5000e-01
  -3.3635e+00   7.9367e+00  -5.5000e-01
  -3.4004e+00   7.9210e+00  -5.5000e-01
  -3.4372e+00   7.9051e+00  -5.5000e-01
  -3.4740e+00   7.8890e+00  -5.5000e-01
  -3.5107e+00   7.8727e+00  -5.5000e-01
  -3.5473e+00   7.8563e+00  -5.5000e-01
  -3.5838e+00   7.8397e+00  -5.5000e-01
  -3.6202e+00   7.8229e+00  -5.5000e-01
  -3.6566e+00   7.8060e+00  -5.5000e-01
  -3.6929e+00   7.7889e+00  -5.5000e-01
  -3.7291e+00   7.7716e+00  -5.5000e-01
  -3.7652e+00   7.7542e+00  -5.5000e-01
  -3.8013e+00   7.7366e+00  -5.5000e-01
  -3.8372e+00   7.7188e+00  -5.5000e-01
  -3.8731e+00   7.7009e+00  -5.5000e-01
  -3.8737e+00   7.7021e+00  -5.0966e-01
  -3.8744e+00   7.7033e+00  -4.6931e-01
  -3.8750e+00   7.7046e+00  -4.2897e-01
  -3.8756e+00   7.7058e+00  -3.8862e-01
  -3.8762e+00   7.7070e+00  -3.4828e-01
  -3.8768e+00   7.7083e+00  -3.0793e-01
  -3.8775e+00   7.7095e+00  -2.6759e-01
  -3.8781e+00   7.7107e+00  -2.2724e-01
  -3.8787e+00   7.7120e+00  -1.8690e-01
  -3.8793e+00   7.7132e+00  -1.4655e-01
  -3.8799e+00   7.7144e+00  -1.0621e-01
  -3.8806e+00   7.7156e+00  -6.5862e-02
  -3.8812e+00   7.7169e+00  -2.5517e-02
  -3.8818e+00   7.7181e+00   1.4828e-02
  -3.8824e+00   7.7193e+00   5.5172e-02
  -3.8830e+00   7.7206e+00   9.5517e-02
  -3.8837e+00   7.7218e+00   1.3586e-01
  -3.8843e+00   7.7230e+00   1.7621e-01
  -3.8849e+00   7.7243e+00   2.1655e-01
  -3.8855e+00   7.7255e+00   2.5690e-01
  -3.8861e+00   7.7267e+00   2.9724e-01
  -3.8868e+00   7.7280e+00   3.3759e-01
  -3.8874e+00   7.7292e+00   3.7793e-01
  -3.8880e+00   7.7304e+00   4.1828e-01
  -3.8886e+00   7.7317e+00   4.5862e-01
  -3.8892e+00   7.7329e+00   4.9897e-01
  -3.8899e+00   7.7341e+00   5.3931e-01
  -3.8905e+00   7.7354e+00   5.7966e-01
  -3.8911e+00   7.7366e+00   6.2000e-01
  -3.8905e+00   7.7354e+00   6.6034e-01
  -3.8899e+00   7.7341e+00   7.0069e-01
  -3.8892e+00   7.7329e+00   7.4103e-01
  -3.8886e+00   7.7317e+00   7.8138e-01
  -3.8880e+00   7.7304e+00   8.2172e-01
  -3.8874e+00   7.7292e+00   8.6207e-01
  -3.8868e+00   7.7280e+00   9.0241e-01
  -3.8861e+00   7.7267e+00   9.4276e-01
  -3.8855e+00   7.7255e+00   9.8310e-01
  -3.8849e+00   7.7243e+00   1.0234e+00
  -3.8843e+00   7.7230e+00   1.0638e+00
  -3.8837e+00   7.7218e+00   1.1041e+00
  -3.8830e+00   7.7206e+00   1.1445e+00
  -3.8824e+00   7.7193e+00   1.1848e+00
  -3.8818e+00   7.7181e+00   1.2252e+00
  -3.8812e+00   7.7169e+00   1.2655e+00
  -3.8806e+00   7.7156e+00   1.3059e+00
  -3.8799e+00   7.7144e+00   1.3462e+00
  -3.8793e+00   7.7132e+00   1.3866e+00
  -3.8787e+00   7.7120e+00   1.4269e+00
  -3.8781e+00   7.7107e+00   1.4672e+00
  -3.8775e+00   7.7095e+00   1.5076e+00
  -3.8768e+00   7.7083e+00   1.5479e+00
  -3.8762e+00   7.7070e+00   1.5883e+00
  -3.8756e+00   7.7058e+00   1.6286e+00
  -3.8750e+00   7.7046e+00   1.6690e+00
  -3.8744e+00   7.7033e+00   1.7093e+00
  -3.8737e+00   7.7021e+00   1.7497e+00
  -3.8731e+00   7.7009e+00   1.7900e+00
  -3.8372e+00   7.7188e+00   1.7900e+00
  -3.8013e+00   7.7366e+00   1.7900e+00
  -3.7652e+00   7.7542e+00   1.7900e+00
  -3.7291e+00   7.7716e+00   1.7900e+00
  -3.6929e+00   7.7889e+00   1.7900e+00
  -3.6566e+00   7.8060e+00   1.7900e+00
  -3.6202e+00   7.8229e+00   1.7900e+00
  -3.5838e+00   7.8397e+00   1.7900e+00
  -3.5473e+00   7.8563e+00   1.7900e+00
  -3.5107e+00   7.8727e+00   1.7900e+00
  -3.4740e+00   7.8890e+00   1.7900e+00
  -3.4372e+00   7.9051e+00   1.7900e+00
  -3.4004e+00   7.9210e+00   1.7900e+00
  -3.3635e+00   7.9367e+00   1.7900e+00
  -3.3265e+00   7.9523e+00   1.7900e+00
  -3.2895e+00   7.9677e+00   1.7900e+00
  -3.2523e+00   7.9829e+00   1.7900e+00
  -3.2152e+00   7.9979e+00   1.7900e+00
  -3.1779e+00   8.0128e+00   1.7900e+00
  -3.1406e+00   8.0275e+00   1.7900e+00
  -3.1032e+00   8.0421e+00   1.7900e+00
  -3.0657e+00   8.0564e+00   1.7900e+00
  -3.0282e+00   8.0706e+00   1.7900e+00
  -2.9906e+00   8.0846e+00   1.7900e+00
  -2.9529e+00   8.0984e+00   1.7900e+00
  -2.9152e+00   8.1121e+00   1.7900e+00
  -2.8774e+00   8.1256e+00   1.7900e+00
  -2.8396e+00   8.1389e+00   1.7900e+00
  -2.8017e+00   8.1520e+00   1.7900e+00
  -2.7637e+00   8.1650e+00   1.7900e+00
  -2.7257e+00   8.1777e+00   1.7900e+00
  -2.6876e+00   8.1903e+00   1.7900e+00
  -2.6494e+00   8.2027e+00   1.7900e+00
  -2.6112e+00   8.2150e+00   1.7900e+00
  -2.5729e+00   8.2270e+00   1.7900e+00
  -2.5346e+00   8.2389e+00   1.7900e+00
  -2.4963e+00   8.2506e+00   1.7900e+00
  -2.4578e+00   8.2622e+00   1.7900e+00
  -2.4193e+00   8.2735e+00   1.7900e+00
  -2.3808e+00   8.2847e+00   1.7900e+00
  -2.3422e+00   8.2957e+00   1.7900e+00
  -2.3036e+00   8.3065e+00   1.7900e+00
  -2.2649e+00   8.3171e+00   1.7900e+00
  -2.2262e+00   8.3276e+00   1.7900e+00
  -2.1874e+00   8.3378e+00   1.7900e+00
  -2.1486e+00   8.3479e+00   1.7900e+00
  -2.1097e+00   8.3578e+00   1.7900e+00
  -2.0708e+00   8.3676e+00   1.7900e+00
  -2.0318e+00   8.3771e+00   1.7900e+00
  -1.9928e+00   8.3865e+00   1.7900e+00
  -1.9537e+00   8.3957e+00   1.7900e+00
  -1.9146e+00   8.4047e+00   1.7900e+00
  -1.8755e+00   8.4135e+00   1.7900e+00
  -1.8363e+00   8.4221e+00   1.7900e+00
  -1.7971e+00   8.4306e+00   1.7900e+00
  -1.7578e+00   8.4389e+00   1.7900e+00
  -1.7186e+00   8.4470e+00   1.7900e+00
  -1.6792e+00   8.4549e+00   1.7900e+00
  -1.6399e+00   8.4626e+00   1.7900e+00
  -1.6004e+00   8.4701e+00   1.7900e+00
  -1.5610e+00   8.4775e+00   1.7900e+00
  -1.5215e+00   8.4847e+00   1.7900e+00
  -1.4820e+00   8.4916e+00   1.7900e+00
  -1.4425e+00   8.4984e+00   1.7900e+00
  -1.4029e+00   8.5051e+00   1.7900e+00
  -1.3633e+00   8.5115e+00   1.7900e+00
  -1.3237e+00   8.5178e+00   1.7900e+00
  -1.2840e+00   8.5238e+00   1.7900e+00
  -1.2444e+00   8.5297e+00   1.7900e+00
  -1.2046e+00   8.5354e+00   1.7900e+00
  -1.1649e+00   8.5409e+00   1.7900e+00
  -1.1251e+00   8.5463e+00   1.7900e+00
  -1.0853e+00   8.5514e+00   1.7900e+00
  -1.0455e+00   8.5564e+00   1.7900e+00
  -1.0057e+00   8.5611e+00   1.7900e+00
  -1.0059e+00   8.5625e+00   1.7497e+00
  -1.0060e+00   8.5639e+00   1.7093e+00
  -1.0062e+00   8.5652e+00   1.6690e+00
  -1.0063e+00   8.5666e+00   1.6286e+00
  -1.0065e+00   8.5680e+00   1.5883e+00
  -1.0067e+00   8.5694e+00   1.5479e+00
  -1.0068e+00   8.5707e+00   1.5076e+00
  -1.0070e+00   8.5721e+00   1.4672e+00
  -1.0072e+00   8.5735e+00   1.4269e+00
  -1.0073e+00   8.5748e+00   1.3866e+00
  -1.0075e+00   8.5762e+00   1.3462e+00
  -1.0076e+00   8.5776e+00   1.3059e+00
  -1.0078e+00   8.5789e+00   1.2655e+00
  -1.0080e+00   8.5803e+00   1.2252e+00
  -1.0081e+00   8.5817e+00   1.1848e+00
  -1.0083e+00   8.5830e+00   1.1445e+00
  -1.0084e+00   8.5844e+00   1.1041e+00
  -1.0086e+00   8.5858e+00   1.0638e+00
  -1.0088e+00   8.5872e+00   1.0234e+00
  -1.0089e+00   8.5885e+00   9.8310e-01
  -1.0091e+00   8.5899e+00   9.4276e-01
  -1.0092e+00   8.5913e+00   9.0241e-01
  -1.0094e+00   8.5926e+00   8.6207e-01
  -1.0096e+00   8.5940e+00   8.2172e-01
  -1.0097e+00   8.5954e+00   7.8138e-01
  -1.0099e+00   8.5967e+00   7.4103e-01
  -1.0100e+00   8.5981e+00   7.0069e-01
  -1.0102e+00   8.5995e+00   6.6034e-01
  -1.0104e+00   8.6009e+00   6.2000e-01
  -1.0102e+00   8.5995e+00   5.7966e-01
  -1.0100e+00   8.5981e+00   5.3931e-01
  -1.0099e+00   8.5967e+00   4.9897e-01
  -1.0097e+00   8.5954e+00   4.5862e-01
  -1.0096e+00   8.5940e+00   4.1828e-01
  -1.0094e+00   8.5926e+00   3.7793e-01
  -1.0092e+00   8.5913e+00   3.3759e-01
  -1.0091e+00   8.5899e+00   2.9724e-01
  -1.0089e+00   8.5885e+00   2.5690e-01
  -1.0088e+00   8.5872e+00   2.1655e-01
  -1.0086e+00   8.5858e+00   1.7621e-01
  -1.0084e+00   8.5844e+00   1.3586e-01
  -1.0083e+00   8.5830e+00   9.5517e-02
  -1.0081e+00   8.5817e+00   5.5172e-02
  -1.0080e+00   8.5803e+00   1.4828e-02
  -1.0078e+00   8.5789e+00  -2.5517e-02
  -1.0076e+00   8.5776e+00  -6.5862e-02
  -1.0075e+00   8.5762e+00  -1.0621e-01
  -1.0073e+00   8.5748e+00  -1.4655e-01
  -1.0072e+00   8.5735e+00  -1.8690e-01
  -1.0070e+00   8.5721e+00  -2.2724e-01
  -1.0068e+00   8.5707e+00  -2.6759e-01
  -1.0067e+00   8.5694e+00  -3.0793e-01
  -1.0065e+00   8.5680e+00  -3.4828e-01
  -1.0063e+00   8.5666e+00  -3.8862e-01
  -1.0062e+00   8.5652e+00  -4.2897e-01
  -1.0060e+00   8.5639e+00  -4.6931e-01
  -1.0059e+00   8.5625e+00  -5.0966e-01
  -1.0057e+00   8.5611e+00  -5.5000e-01
  -6.2734e+00   5.9118e+00  -5.5000e-01
  -6.3008e+00   5.8825e+00  -5.5000e-01
  -6.3282e+00   5.8531e+00  -5.5000e-01
  -6.3553e+00   5.8236e+00  -5.5000e-01
  -6.3824e+00   5.7939e+00  -5.5000e-01
  -6.4093e+00   5.7642e+00  -5.5000e-01
  -6.4360e+00   5.7343e+00  -5.5000e-01
  -6.4626e+00   5.7043e+00  -5.5000e-01
  -6.4891e+00   5.6741e+00  -5.5000e-01
  -6.5155e+00   5.6439e+00  -5.5000e-01
  -6.5417e+00   5.6135e+00  -5.5000e-01
  -6.5677e+00   5.5830e+00  -5.5000e-01
  -6.5936e+00   5.5523e+00  -5.5000e-01
  -6.6194e+00   5.5216e+00  -5.5000e-01
  -6.6450e+00   5.4907e+00  -5.5000e-01
  -6.6705e+00   5.4597e+00  -5.5000e-01
  -6.6958e+00   5.4286e+00  -5.5000e-01
  -6.7210e+00   5.3974e+00  -5.5000e-01
  -6.7461e+00   5.3661e+00  -5.5000e-01
  -6.7710e+00   5.3346e+00  -5.5000e-01
  -6.7957e+00   5.3030e+00  -5.5000e-01
  -6.8203e+00   5.2714e+00  -5.5000e-01
  -6.8448e+00   5.2396e+00  -5.5000e-01
  -6.8691e+00   5.2076e+00  -5.5000e-01
  -6.8933e+00   5.1756e+00  -5.5000e-01
  -6.9173e+00   5.1435e+00  -5.5000e-01
  -6.9412e+00   5.1112e+00  -5.5000e-01
  -6.9649e+00   5.0789e+00  -5.5000e-01
  -6.9884e+00   5.0464e+00  -5.5000e-01
  -7.0118e+00   5.0138e+00  -5.5000e-01
  -7.0351e+00   4.9811e+00  -5.5000e-01
  -7.0582e+00   4.9483e+00  -5.5000e-01
  -7.0812e+00   4.9154e+00  -5.5000e-01
  -7.1040e+00   4.8824e+00  -5.5000e-01
  -7.1266e+00   4.8493e+00  -5.5000e-01
  -7.1491e+00   4.8161e+00  -5.5000e-01
  -7.1714e+00   4.7828e+00  -5.5000e-01
  -7.1936e+00   4.7493e+00  -5.5000e-01
  -7.2157e+00   4.7158e+00  -5.5000e-01
  -7.2375e+00   4.6822e+00  -5.5000e-01
  -7.2592e+00   4.6484e+00  -5.5000e-01
  -7.2808e+00   4.6146e+00  -5.5000e-01
  -7.3022e+00   4.5807e+00  -5.5000e-01
  -7.3234e+00   4.5466e+00  -5.5000e-01
  -7.3445e+00   4.5125e+00  -5.5000e-01
  -7.3654e+00   4.4783e+00  -5.5000e-01
  -7.3862e+00   4.4439e+00  -5.5000e-01
  -7.4068e+00   4.4095e+00  -5.5000e-01
  -7.4272e+00   4.3750e+00  -5.5000e-01
  -7.4475e+00   4.3404e+00  -5.5000e-01
  -7.4676e+00   4.3057e+00  -5.5000e-01
  -7.4876e+00   4.2709e+00  -5.5000e-01
  -7.5074e+00   4.2360e+00  -5.5000e-01
  -7.5270e+00   4.2010e+00  -5.5000e-01
  -7.5465e+00   4.1659e+00  -5.5000e-01
  -7.5658e+00   4.1307e+00  -5.5000e-01
  -7.5850e+00   4.0955e+00  -5.5000e-01
  -7.6039e+00   4.0601e+00  -5.5000e-01
  -7.6227e+00   4.0247e+00  -5.5000e-01
  -7.6414e+00   3.9892e+00  -5.5000e-01
  -7.6599e+00   3.9536e+00  -5.5000e-01
  -7.6782e+00   3.9179e+00  -5.5000e-01
  -7.6963e+00   3.8821e+00  -5.5000e-01
  -7.7143e+00   3.8462e+00  -5.5000e-01
  -7.7322e+00   3.8103e+00  -5.5000e-01
  -7.7498e+00   3.7743e+00  -5.5000e-01
  -7.7673e+00   3.7381e+00  -5.5000e-01
  -7.7846e+00   3.7020e+00  -5.5000e-01
  -7.8017e+00   3.6657e+00  -5.5000e-01
  -7.8187e+00   3.6293e+00  -5.5000e-01
  -7.8355e+00   3.5929e+00  -5.5000e-01
  -7.8522e+00   3.5564e+00  -5.5000e-01
  -7.8686e+00   3.5198e+00  -5.5000e-01
  -7.8849e+00   3.4831e+00  -5.5000e-01
  -7.9011e+00   3.4464e+00  -5.5000e-01
  -7.9170e+00   3.4096e+00  -5.5000e-01
  -7.9183e+00   3.4101e+00  -5.0966e-01
  -7.9195e+00   3.4107e+00  -4.6931e-01
  -7.9208e+00   3.4112e+00  -4.2897e-01
  -7.9221e+00   3.4118e+00  -3.8862e-01
  -7.9233e+00   3.4123e+00  -3.4828e-01
  -7.9246e+00   3.4129e+00  -3.0793e-01
  -7.9259e+00   3.4134e+00  -2.6759e-01
  -7.9271e+00   3.4140e+00  -2.2724e-01
  -7.9284e+00   3.4145e+00  -1.8690e-01
  -7.9297e+00   3.4151e+00  -1.4655e-01
  -7.9309e+00   3.4156e+00  -1.0621e-01
  -7.9322e+00   3.4161e+00  -6.5862e-02
  -7.9335e+00   3.4167e+00  -2.5517e-02
  -7.9347e+00   3.4172e+00   1.4828e-02
  -7.9360e+00   3.4178e+00   5.5172e-02
  -7.9373e+00   3.4183e+00   9.5517e-02
  -7.9385e+00   3.4189e+00   1.3586e-01
  -7.9398e+00   3.4194e+00   1.7621e-01
  -7.9411e+00   3.4200e+00   2.1655e-01
  -7.9423e+00   3.4205e+00   2.5690e-01
  -7.9436e+00   3.4211e+00   2.9724e-01
  -7.9449e+00   3.4216e+00   3.3759e-01
  -7.9461e+00   3.4222e+00   3.7793e-01
  -7.9474e+00   3.4227e+00   4.1828e-01
  -7.9487e+00   3.4232e+00   4.5862e-01
  -7.9499e+00   3.4238e+00   4.9897e-01
  -7.9512e+00   3.4243e+00   5.3931e-01
  -7.9525e+00   3.4249e+00   5.7966e-01
  -7.9537e+00   3.4254e+00   6.2000e-01
  -7.9525e+00   3.4249e+00   6.6034e-01
  -7.9512e+00   3.4243e+00   7.0069e-01
  -7.9499e+00   3.4238e+00   7.4103e-01
  -7.9487e+00   3.4232e+00   7.8138e-01
  -7.9474e+00   3.4227e+00   8.2172e-01
  -7.9461e+00   3.4222e+00   8.6207e-01
  -7.9449e+00   3.4216e+00   9.0241e-01
  -7.9436e+00   3.4211e+00   9.4276e-01
  -7.9423e+00   3.4205e+00   9.8310e-01
  -7.9411e+00   3.4200e+00   1.0234e+00
  -7.9398e+00   3.4194e+00   1.0638e+00
  -7.9385e+00   3.4189e+00   1.1041e+00
  -7.9373e+00   3.4183e+00   1.1445e+00
  -7.9360e+00   3.4178e+00   1.1848e+00
  -7.9347e+00   3.4172e+00   1.2252e+00
  -7.9335e+00   3.4167e+00   1.2655e+00
  -7.9322e+00   3.4161e+00   1.3059e+00
  -7.9309e+00   3.4156e+00   1.3462e+00
  -7.9297e+00   3.4151e+00   1.3866e+00
  -7.9284e+00   3.4145e+00   1.4269e+00
  -7.9271e+00   3.4140e+00   1.4672e+00
  -7.9259e+00   3.4134e+00   1.5076e+00
  -7.9246e+00   3.4129e+00   1.5479e+00
  -7.9233e+00   3.4123e+00   1.5883e+00
  -7.9221e+00   3.4118e+00   1.6286e+00
  -7.9208e+00   3.4112e+00   1.6690e+00
  -7.9195e+00   3.4107e+00   1.7093e+00
  -7.9183e+00   3.4101e+00   1.7497e+00
  -7.9170e+00   3.4096e+00   1.7900e+00
  -7.9011e+00   3.4464e+00   1.7900e+00
  -7.8849e+00   3.4831e+00   1.7900e+00
  -7.8686e+00   3.5198e+00   1.7900e+00
  -7.8522e+00   3.5564e+00   1.7900e+00
  -7.8355e+00   3.5929e+00   1.7900e+00
  -7.8187e+00   3.6293e+00   1.7900e+00
  -7.8017e+00   3.6657e+00   1.7900e+00
  -7.7846e+00   3.7020e+00   1.7900e+00
  -7.7673e+00   3.7381e+00   1.7900e+00
  -7.7498e+00   3.7743e+00   1.7900e+00
  -7.7322e+00   3.8103e+00   1.7900e+00
  -7.7143e+00   3.8462e+00   1.7900e+00
  -7.6963e+00   3.8821e+00   1.7900e+00
  -7.6782e+00   3.9179e+00   1.7900e+00
  -7.6599e+00   3.9536e+00   1.7900e+00
  -7.6414e+00   3.9892e+00   1.7900e+00
  -7.6227e+00   4.0247e+00   1.7900e+00
  -7.6039e+00   4.0601e+00   1.7900e+00
  -7.5850e+00   4.0955e+00   1.7900e+00
  -7.5658e+00   4.1307e+00   1.7900e+00
  -7.5465e+00   4.1659e+00   1.7900e+00
  -7.5270e+00   4.2010e+00   1.7900e+00
  -7.5074e+00   4.2360e+00   1.7900e+00
  -7.4876e+00   4.2709e+00   1.7900e+00
  -7.4676e+00   4.3057e+00   1.7900e+00
  -7.4475e+00   4.3404e+00   1.7900e+00
  -7.4272e+00   4.3750e+00   1.7900e+00
  -7.4068e+00   4.4095e+00   1.7900e+00
  -7.3862e+00   4.4439e+00   1.7900e+00
  -7.3654e+00   4.4783e+00   1.7900e+00
  -7.3445e+00   4.5125e+00   1.7900e+00
  -7.3234e+00   4.5466e+00   1.7900e+00
  -7.3022e+00   4.5807e+00   1.7900e+00
  -7.2808e+00   4.6146e+00   1.7900e+00
  -7.2592e+00   4.6484e+00   1.7900e+00
  -7.2375e+00   4.6822e+00   1.7900e+00
  -7.2157e+00   4.7158e+00   1.7900e+00
  -7.1936e+00   4.7493e+00   1.7900e+00
  -7.1714e+00   4.7828e+00   1.7900e+00
  -7.1491e+00   4.8161e+00   1.7900e+00
  -7.1266e+00   4.8493e+00   1.7900e+00
  -7.1040e+00   4.8824e+00   1.7900e+00
  -7.0812e+00   4.9154e+00   1.7900e+00
  -7.0582e+00   4.9483e+00   1.7900e+00
  -7.0351e+00   4.9811e+00   1.7900e+00
  -7.0118e+00   5.0138e+00   1.7900e+00
  -6.9884e+00   5.0464e+00   1.7900e+00
  -6.9649e+00   5.0789e+00   1.7900e+00
  -6.9412e+00   5.1112e+00   1.7900e+00
  -6.9173e+00   5.1435e+00   1.7900e+00
  -6.8933e+00   5.1756e+00   1.7900e+00
  -6.8691e+00   5.2076e+00   1.7900e+00
  -6.8448e+00   5.2396e+00   1.7900e+00
  -6.8203e+00   5.2714e+00   1.7900e+00
  -6.7957e+00   5.3030e+00   1.7900e+00
  -6.7710e+00   5.3346e+00   1.7900e+00
  -6.7461e+00   5.3661e+00   1.7900e+00
  -6.7210e+00   5.3974e+00   1.7900e+00
  -6.6958e+00   5.4286e+00   1.7900e+00
  -6.6705e+00   5.4597e+00   1.7900e+00
  -6.6450e+00   5.4907e+00   1.7900e+00
  -6.6194e+00   5.5216e+00   1.7900e+00
  -6.5936e+00   5.5523e+00   1.7900e+00
  -6.5677e+00   5.5830e+00   1.7900e+00
  -6.5417e+00   5.6135e+00   1.7900e+00
  -6.5155e+00   5.6439e+00   1.7900e+00
  -6.4891e+00   5.6741e+00   1.7900e+00
  -6.4626e+00   5.7043e+00   1.7900e+00
  -6.4360e+00   5.7343e+00   1.7900e+00
  -6.4093e+00   5.7642e+00   1.7900e+00
  -6.3824e+00   5.7939e+00   1.7900e+00
  -6.3553e+00   5.8236e+00   1.7900e+00
  -6.3282e+00   5.8531e+00   1.7900e+00
  -6.3008e+00   5.8825e+00   1.7900e+00
  -6.2734e+00   5.9118e+00   1.7900e+00
  -6.2744e+00   5.9127e+00   1.7497e+00
  -6.2754e+00   5.9136e+00   1.7093e+00
  -6.2764e+00   5.9146e+00   1.6690e+00
  -6.2774e+00   5.9155e+00   1.6286e+00
  -6.2784e+00   5.9165e+00   1.5883e+00
  -6.2794e+00   5.9174e+00   1.5479e+00
  -6.2804e+00   5.9184e+00   1.5076e+00
  -6.2814e+00   5.9193e+00   1.4672e+00
  -6.2824e+00   5.9203e+00   1.4269e+00
  -6.2834e+00   5.9212e+00   1.3866e+00
  -6.2844e+00   5.9222e+00   1.3462e+00
  -6.2854e+00   5.9231e+00   1.3059e+00
  -6.2865e+00   5.9241e+00   1.2655e+00
  -6.2875e+00   5.9250e+00   1.2252e+00
  -6.2885e+00   5.9259e+00   1.1848e+00
  -6.2895e+00   5.9269e+00   1.1445e+00
  -6.2905e+00   5.9278e+00   1.1041e+00
  -6.2915e+00   5.9288e+00   1.0638e+00
  -6.2925e+00   5.9297e+00   1.0234e+00
  -6.2935e+00   5.9307e+00   9.8310e-01
  -6.2945e+00   5.9316e+00   9.4276e-01
  -6.2955e+00   5.9326e+00   9.0241e-01
  -6.2965e+00   5.9335e+00   8.6207e-01
  -6.2975e+00   5.9345e+00   8.2172e-01
  -6.2985e+00   5.9354e+00   7.8138e-01
  -6.2995e+00   5.9363e+00   7.4103e-01
  -6.3005e+00   5.9373e+00   7.0069e-01
  -6.3015e+00   5.9382e+00   6.6034e-01
  -6.3025e+00   5.9392e+00   6.2000e-01
  -6.3015e+00   5.9382e+00   5.7966e-01
  -6.3005e+00   5.9373e+00   5.3931e-01
  -6.2995e+00   5.9363e+00   4.9897e-01
  -6.2985e+00   5.9354e+00   4.5862e-01
  -6.2975e+00   5.9345e+00   4.1828e-01
  -6.2965e+00   5.9335e+00   3.7793e-01
  -6.2955e+00   5.9326e+00   3.3759e-01
  -6.2945e+00   5.9316e+00   2.9724e-01
  -6.2935e+00   5.9307e+00   2.5690e-01
  -6.2925e+00   5.9297e+00   2.1655e-01
  -6.2915e+00   5.9288e+00   1.7621e-01
  -6.2905e+00   5.9278e+00   1.3586e-01
  -6.2895e+00   5.9269e+00   9.5517e-02
  -6.2885e+00   5.9259e+00   5.5172e-02
  -6.2875e+00   5.9250e+00   1.4828e-02
  -6.2865e+00   5.9241e+00  -2.5517e-02
  -6.2854e+00   5.9231e+00  -6.5862e-02
  -6.2844e+00   5.9222e+00  -1.0621e-01
  -6.2834e+00   5.9212e+00  -1.4655e-01
  -6.2824e+00   5.9203e+00  -1.8690e-01
  -6.2814e+00   5.9193e+00  -2.2724e-01
  -6.2804e+00   5.9184e+00  -2.6759e-01
  -6.2794e+00   5.9174e+00  -3.0793e-01
  -6.2784e+00   5.9165e+00  -3.4828e-01
  -6.2774e+00   5.9155e+00  -3.8862e-01
  -6.2764e+00   5.9146e+00  -4.2897e-01
  -6.2754e+00   5.9136e+00  -4.6931e-01
  -6.2744e+00   5.9127e+00  -5.0966e-01
  -6.2734e+00   5.9118e+00  -5.5000e-01
  -8.6057e+00   4.9620e-01  -5.5000e-01
  -8.6079e+00   4.5614e-01  -5.5000e-01
  -8.6100e+00   4.1608e-01  -5.5000e-01
  -8.6118e+00   3.7600e-01  -5.5000e-01
  -8.6135e+00   3.3591e-01  -5.5000e-01
  -8.6149e+00   2.9582e-01  -5.5000e-01
  -8.6162e+00   2.5572e-01  -5.5000e-01
  -8.6173e+00   2.1562e-01  -5.5000e-01
  -8.6182e+00   1.7551e-01  -5.5000e-01
  -8.6189e+00   1.3540e-01  -5.5000e-01
  -8.6195e+00   9.5281e-02  -5.5000e-01
  -8.6198e+00   5.5164e-02  -5.5000e-01
  -8.6200e+00   1.5045e-02  -5.5000e-01
  -8.6200e+00  -2.5075e-02  -5.5000e-01
  -8.6198e+00  -6.5193e-02  -5.5000e-01
  -8.6194e+00  -1.0531e-01  -5.5000e-01
  -8.6188e+00  -1.4543e-01  -5.5000e-01
  -8.6180e+00  -1.8554e-01  -5.5000e-01
  -8.6170e+00  -2.2565e-01  -5.5000e-01
  -8.6159e+00  -2.6575e-01  -5.5000e-01
  -8.6146e+00  -3.0585e-01  -5.5000e-01
  -8.6131e+00  -3.4594e-01  -5.5000e-01
  -8.6114e+00  -3.8602e-01  -5.5000e-01
  -8.6095e+00  -4.2609e-01  -5.5000e-01
  -8.6074e+00  -4.6616e-01  -5.5000e-01
  -8.6051e+00  -5.0621e-01  -5.5000e-01
  -8.6027e+00  -5.4626e-01  -5.5000e-01
  -8.6000e+00  -5.8629e-01  -5.5000e-01
  -8.5972e+00  -6.2631e-01  -5.5000e-01
  -8.5942e+00  -6.6632e-01  -5.5000e-01
  -8.5910e+00  -7.0631e-01  -5.5000e-01
  -8.5876e+00  -7.4629e-01  -5.5000e-01
  -8.5841e+00  -7.8625e-01  -5.5000e-01
  -8.5803e+00  -8.2619e-01  -5.5000e-01
  -8.5764e+00  -8.6612e-01  -5.5000e-01
  -8.5723e+00  -9.0602e-01  -5.5000e-01
  -8.5679e+00  -9.4591e-01  -5.5000e-01
  -8.5634e+00  -9.8578e-01  -5.5000e-01
  -8.5588e+00  -1.0256e+00  -5.5000e-01
  -8.5539e+00  -1.0654e+00  -5.5000e-01
  -8.5489e+00  -1.1052e+00  -5.5000e-01
  -8.5436e+00  -1.1450e+00  -5.5000e-01
  -8.5382e+00  -1.1848e+00  -5.5000e-01
  -8.5326e+00  -1.2245e+00  -5.5000e-01
  -8.5268e+00  -1.2642e+00  -5.5000e-01
  -8.5208e+00  -1.3039e+00  -5.5000e-01
  -8.5147e+00  -1.3435e+00  -5.5000e-01
  -8.5083e+00  -1.3831e+00  -5.5000e-01
  -8.5018e+00  -1.4227e+00  -5.5000e-01
  -8.4951e+00  -1.4623e+00  -5.5000e-01
  -8.4882e+00  -1.5018e+00  -5.5000e-01
  -8.4811e+00  -1.5413e+00  -5.5000e-01
  -8.4738e+00  -1.5807e+00  -5.5000e-01
  -8.4664e+00  -1.6202e+00  -5.5000e-01
  -8.4587e+00  -1.6595e+00  -5.5000e-01
  -8.4509e+00  -1.6989e+00  -5.5000e-01
  -8.4429e+00  -1.7382e+00  -5.5000e-01
  -8.4347e+00  -1.7775e+00  -5.5000e-01
  -8.4264e+00  -1.8167e+00  -5.5000e-01
  -8.4178e+00  -1.8559e+00  -5.5000e-01
  -8.4091e+00  -1.8951e+00  -5.5000e-01
  -8.4002e+00  -1.9342e+00  -5.5000e-01
  -8.3911e+00  -1.9733e+00  -5.5000e-01
  -8.3818e+00  -2.0123e+00  -5.5000e-01
  -8.3724e+00  -2.0513e+00  -5.5000e-01
  -8.3627e+00  -2.0902e+00  -5.5000e-01
  -8.3529e+00  -2.1291e+00  -5.5000e-01
  -8.3429e+00  -2.1680e+00  -5.5000e-01
  -8.3327e+00  -2.2068e+00  -5.5000e-01
  -8.3224e+00  -2.2455e+00  -5.5000e-01
  -8.3118e+00  -2.2843e+00  -5.5000e-01
  -8.3011e+00  -2.3229e+00  -5.5000e-01
  -8.2902e+00  -2.3615e+00  -5.5000e-01
  -8.2791e+00  -2.4001e+00  -5.5000e-01
  -8.2679e+00  -2.4386e+00  -5.5000e-01
  -8.2564e+00  -2.4770e+00  -5.5000e-01
  -8.2578e+00  -2.4774e+00  -5.0966e-01
  -8.2591e+00  -2.4778e+00  -4.6931e-01
  -8.2604e+00  -2.4782e+00  -4.2897e-01
  -8.2617e+00  -2.4786e+00  -3.8862e-01
  -8.2630e+00  -2.4790e+00  -3.4828e-01
  -8.2644e+00  -2.4794e+00  -3.0793e-01
  -8.2657e+00  -2.4798e+00  -2.6759e-01
  -8.2670e+00  -2.4802e+00  -2.2724e-01
  -8.2683e+00  -2.4806e+00  -1.8690e-01
  -8.2696e+00  -2.4810e+00  -1.4655e-01
  -8.2710e+00  -2.4814e+00  -1.0621e-01
  -8.2723e+00  -2.4818e+00  -6.5862e-02
  -8.2736e+00  -2.4822e+00  -2.5517e-02
  -8.2749e+00  -2.4826e+00   1.4828e-02
  -8.2762e+00  -2.4830e+00   5.5172e-02
  -8.2776e+00  -2.4834e+00   9.5517e-02
  -8.2789e+00  -2.4838e+00   1.3586e-01
  -8.2802e+00  -2.4842e+00   1.7621e-01
  -8.2815e+00  -2.4846e+00   2.1655e-01
  -8.2829e+00  -2.4850e+00   2.5690e-01
  -8.2842e+00  -2.4854e+00   2.9724e-01
  -8.2855e+00  -2.4858e+00   3.3759e-01
  -8.2868e+00  -2.4862e+00   3.7793e-01
  -8.2881e+00  -2.4866e+00   4.1828e-01
  -8.2895e+00  -2.4870e+00   4.5862e-01
  -8.2908e+00  -2.4874e+00   4.9897e-01
  -8.2921e+00  -2.4877e+00   5.3931e-01
  -8.2934e+00  -2.4881e+00   5.7966e-01
  -8.2947e+00  -2.4885e+00   6.2000e-01
  -8.2934e+00  -2.4881e+00   6.6034e-01
  -8.2921e+00  -2.4877e+00   7.0069e-01
  -8.2908e+00  -2.4874e+00   7.4103e-01
  -8.2895e+00  -2.4870e+00   7.8138e-01
  -8.2881e+00  -2.4866e+00   8.2172e-01
  -8.2868e+00  -2.4862e+00   8.6207e-01
  -8.2855e+00  -2.4858e+00   9.0241e-01
  -8.2842e+00  -2.4854e+00   9.4276e-01
  -8.2829e+00  -2.4850e+00   9.8310e-01
  -8.2815e+00  -2.4846e+00   1.0234e+00
  -8.2802e+00  -2.4842e+00   1.0638e+00
  -8.2789e+00  -2.4838e+00   1.1041e+00
  -8.2776e+00  -2.4834e+00   1.1445e+00
  -8.2762e+00  -2.4830e+00   1.1848e+00
  -8.2749e+00  -2.4826e+00   1.2252e+00
  -8.2736e+00  -2.4822e+00   1.2655e+00
  -8.2723e+00  -2.4818e+00   1.3059e+00
  -8.2710e+00  -2.4814e+00   1.3462e+00
  -8.2696e+00  -2.4810e+00   1.3866e+00
  -8.2683e+00  -2.4806e+00   1.4269e+00
  -8.2670e+00  -2.4802e+00   1.4672e+00
  -8.2657e+00  -2.4798e+00   1.5076e+00
  -8.2644e+00  -2.4794e+00   1.5479e+00
  -8.2630e+00  -2.4790e+00   1.5883e+00
  -8.2617e+00  -2.4786e+00   1.6286e+00
  -8.2604e+00  -2.4782e+00   1.6690e+00
  -8.2591e+00  -2.4778e+00   1.7093e+00
  -8.2578e+00  -2.4774e+00   1.7497e+00
  -8.2564e+00  -2.4770e+00   1.7900e+00
  -8.2679e+00  -2.4386e+00   1.7900e+00
  -8.2791e+00  -2.4001e+00   1.7900e+00
  -8.2902e+00  -2.3615e+00   1.7900e+00
  -8.3011e+00  -2.3229e+00   1.7900e+00
  -8.3118e+00  -2.2843e+00   1.7900e+00
  -8.3224e+00  -2.2455e+00   1.7900e+00
  -8.3327e+00  -2.2068e+00   1.7900e+00
  -8.3429e+00  -2.1680e+00   1.7900e+00
  -8.3529e+00  -2.1291e+00   1.7900e+00
  -8.3627e+00  -2.0902e+00   1.7900e+00
  -8.3724e+00  -2.0513e+00   1.7900e+00
  -8.3818e+00  -2.0123e+00   1.7900e+00
  -8.3911e+00  -1.9733e+00   1.7900e+00
  -8.4002e+00  -1.9342e+00   1.7900e+00
  -8.4091e+00  -1.8951e+00   1.7900e+00
  -8.4178e+00  -1.8559e+00   1.7900e+00
  -8.4264e+00  -1.8167e+00   1.7900e+00
  -8.4347e+00  -1.7775e+00   1.7900e+00
  -8.4429e+00  -1.7382e+00   1.7900e+00
  -8.4509e+00  -1.6989e+00   1.7900e+00
  -8.4587e+00  -1.6595e+00   1.7900e+00
  -8.4664e+00  -1.6202e+00   1.7900e+00
  -8.4738e+00  -1.5807e+00   1.7900e+00
  -8.4811e+00  -1.5413e+00   1.7900e+00
  -8.4882e+00  -1.5018e+00   1.7900e+00
  -8.4951e+00  -1.4623e+00   1.7900e+00
  -8.5018e+00  -1.4227e+00   1.7900e+00
  -8.5083e+00  -1.3831e+00   1.7900e+00
  -8.5147e+00  -1.3435e+00   1.7900e+00
  -8.5208e+00  -1.3039e+00   1.7900e+00
  -8.5268e+00  -1.2642e+00   1.7900e+00
  -8.5326e+00  -1.2245e+00   1.7900e+00
  -8.5382e+00  -1.1848e+00   1.7900e+00
  -8.5436e+00  -1.1450e+00   1.7900e+00
  -8.5489e+00  -1.1052e+00   1.7900e+00
  -8.5539e+00  -1.0654e+00   1.7900e+00
  -8.5588e+00  -1.0256e+00   1.7900e+00
  -8.5634e+00  -9.8578e-01   1.7900e+00
  -8.5679e+00  -9.4591e-01   1.7900e+00
  -8.5723e+00  -9.0602e-01   1.7900e+00
  -8.5764e+00  -8.6612e-01   1.7900e+00
  -8.5803e+00  -8.2619e-01   1.7900e+00
  -8.5841e+00  -7.8625e-01   1.7900e+00
  -8.5876e+00  -7.4629e-01   1.7900e+00
  -8.5910e+00  -7.0631e-01   1.7900e+00
  -8.5942e+00  -6.6632e-01   1.7900e+00
  -8.5972e+00  -6.2631e-01   1.7900e+00
  -8.6000e+00  -5.8629e-01   1.7900e+00
  -8.6027e+00  -5.4626e-01   1.7900e+00
  -8.6051e+00  -5.0621e-01   1.7900e+00
  -8.6074e+00  -4.6616e-01   1.7900e+00
  -8.6095e+00  -4.2609e-01   1.7900e+00
  -8.6114e+00  -3.8602e-01   1.7900e+00
  -8.6131e+00  -3.4594e-01   1.7900e+00
  -8.6146e+00  -3.0585e-01   1.7900e+00
  -8.6159e+00  -2.6575e-01   1.7900e+00
  -8.6170e+00  -2.2565e-01   1.7900e+00
  -8.6180e+00  -1.8554e-01   1.7900e+00
  -8.6188e+00  -1.4543e-01   1.7900e+00
  -8.6194e+00  -1.0531e-01   1.7900e+00
  -8.6198e+00  -6.5193e-02   1.7900e+00
  -8.6200e+00  -2.5075e-02   1.7900e+00
  -8.6200e+00   1.5045e-02   1.7900e+00
  -8.6198e+00   5.5164e-02   1.7900e+00
  -8.6195e+00   9.5281e-02   1.7900e+00
  -8.6189e+00   1.3540e-01   1.7900e+00
  -8.6182e+00   1.7551e-01   1.7900e+00
  -8.6173e+00   2.1562e-01   1.7900e+00
  -8.6162e+00   2.5572e-01   1.7900e+00
  -8.6149e+00   2.9582e-01   1.7900e+00
  -8.6135e+00   3.3591e-01   1.7900e+00
  -8.6118e+00   3.7600e-01   1.7900e+00
  -8.6100e+00   4.1608e-01   1.7900e+00
  -8.6079e+00   4.5614e-01   1.7900e+00
  -8.6057e+00   4.9620e-01   1.7900e+00
  -8.6071e+00   4.9628e-01   1.7497e+00
  -8.6085e+00   4.9636e-01   1.7093e+00
  -8.6098e+00   4.9644e-01   1.6690e+00
  -8.6112e+00   4.9652e-01   1.6286e+00
  -8.6126e+00   4.9660e-01   1.5883e+00
  -8.6140e+00   4.9668e-01   1.5479e+00
  -8.6153e+00   4.9676e-01   1.5076e+00
  -8.6167e+00   4.9684e-01   1.4672e+00
  -8.6181e+00   4.9692e-01   1.4269e+00
  -8.6195e+00   4.9700e-01   1.3866e+00
  -8.6209e+00   4.9708e-01   1.3462e+00
  -8.6222e+00   4.9715e-01   1.3059e+00
  -8.6236e+00   4.9723e-01   1.2655e+00
  -8.6250e+00   4.9731e-01   1.2252e+00
  -8.6264e+00   4.9739e-01   1.1848e+00
  -8.6277e+00   4.9747e-01   1.1445e+00
  -8.6291e+00   4.9755e-01   1.1041e+00
  -8.6305e+00   4.9763e-01   1.0638e+00
  -8.6319e+00   4.9771e-01   1.0234e+00
  -8.6332e+00   4.9779e-01   9.8310e-01
  -8.6346e+00   4.9787e-01   9.4276e-01
  -8.6360e+00   4.9795e-01   9.0241e-01
  -8.6374e+00   4.9803e-01   8.6207e-01
  -8.6388e+00   4.9811e-01   8.2172e-01
  -8.6401e+00   4.9819e-01   7.8138e-01
  -8.6415e+00   4.9827e-01   7.4103e-01
  -8.6429e+00   4.9835e-01   7.0069e-01
  -8.6443e+00   4.9843e-01   6.6034e-01
  -8.6456e+00   4.9850e-01   6.2000e-01
  -8.6443e+00   4.9843e-01   5.7966e-01
  -8.6429e+00   4.9835e-01   5.3931e-01
  -8.6415e+00   4.9827e-01   4.9897e-01
  -8.6401e+00   4.9819e-01   4.5862e-01
  -8.6388e+00   4.9811e-01   4.1828e-01
  -8.6374e+00   4.9803e-01   3.7793e-01
  -8.6360e+00   4.9795e-01   3.3759e-01
  -8.6346e+00   4.9787e-01   2.9724e-01
  -8.6332e+00   4.9779e-01   2.5690e-01
  -8.6319e+00   4.9771e-01   2.1655e-01
  -8.6305e+00   4.9763e-01   1.7621e-01
  -8.6291e+00   4.9755e-01   1.3586e-01
  -8.6277e+00   4.9747e-01   9.5517e-02
  -8.6264e+00   4.9739e-01   5.5172e-02
  -8.6250e+00   4.9731e-01   1.4828e-02
  -8.6236e+00   4.9723e-01  -2.5517e-02
  -8.6222e+00   4.9715e-01  -6.5862e-02
  -8.6209e+00   4.9708e-01  -1.0621e-01
  -8.6195e+00   4.9700e-01  -1.4655e-01
  -8.6181e+00   4.9692e-01  -1.8690e-01
  -8.6167e+00   4.9684e-01  -2.2724e-01
  -8.6153e+00   4.9676e-01  -2.6759e-01
  -8.6140e+00   4.9668e-01  -3.0793e-01
  -8.6126e+00   4.9660e-01  -3.4828e-01
  -8.6112e+00   4.9652e-01  -3.8862e-01
  -8.6098e+00   4.9644e-01  -4.2897e-01
  -8.6085e+00   4.9636e-01  -4.6931e-01
  -8.6071e+00   4.9628e-01  -5.0966e-01
  -8.6057e+00   4.9620e-01  -5.5000e-01
  -6.9113e+00  -5.1515e+00  -5.5000e-01
  -6.8873e+00  -5.1836e+00  -5.5000e-01
  -6.8631e+00  -5.2156e+00  -5.5000e-01
  -6.8387e+00  -5.2475e+00  -5.5000e-01
  -6.8142e+00  -5.2793e+00  -5.5000e-01
  -6.7896e+00  -5.3110e+00  -5.5000e-01
  -6.7648e+00  -5.3425e+00  -5.5000e-01
  -6.7398e+00  -5.3739e+00  -5.5000e-01
  -6.7147e+00  -5.4052e+00  -5.5000e-01
  -6.6895e+00  -5.4364e+00  -5.5000e-01
  -6.6641e+00  -5.4675e+00  -5.5000e-01
  -6.6386e+00  -5.4985e+00  -5.5000e-01
  -6.6130e+00  -5.5293e+00  -5.5000e-01
  -6.5872e+00  -5.5600e+00  -5.5000e-01
  -6.5612e+00  -5.5906e+00  -5.5000e-01
  -6.5351e+00  -5.6211e+00  -5.5000e-01
  -6.5089e+00  -5.6514e+00  -5.5000e-01
  -6.4825e+00  -5.6817e+00  -5.5000e-01
  -6.4560e+00  -5.7118e+00  -5.5000e-01
  -6.4293e+00  -5.7418e+00  -5.5000e-01
  -6.4026e+00  -5.7716e+00  -5.5000e-01
  -6.3756e+00  -5.8014e+00  -5.5000e-01
  -6.3486e+00  -5.8310e+00  -5.5000e-01
  -6.3213e+00  -5.8605e+00  -5.5000e-01
  -6.2940e+00  -5.8898e+00  -5.5000e-01
  -6.2665e+00  -5.9190e+00  -5.5000e-01
  -6.2389e+00  -5.9482e+00  -5.5000e-01
  -6.2112e+00  -5.9771e+00  -5.5000e-01
  -6.1833e+00  -6.0060e+00  -5.5000e-01
  -6.1552e+00  -6.0347e+00  -5.5000e-01
  -6.1271e+00  -6.0633e+00  -5.5000e-01
  -6.0988e+00  -6.0917e+00  -5.5000e-01
  -6.0704e+00  -6.1200e+00  -5.5000e-01
  -6.0418e+00  -6.1482e+00  -5.5000e-01
  -6.0132e+00  -6.1763e+00  -5.5000e-01
  -5.9843e+00  -6.2042e+00  -5.5000e-01
  -5.9554e+00  -6.2320e+00  -5.5000e-01
  -5.9263e+00  -6.2596e+00  -5.5000e-01
  -5.8971e+00  -6.2871e+00  -5.5000e-01
  -5.8678e+00  -6.3145e+00  -5.5000e-01
  -5.8384e+00  -6.3418e+00  -5.5000e-01
  -5.8088e+00  -6.3689e+00  -5.5000e-01
  -5.7791e+00  -6.3958e+00  -5.5000e-01
  -5.7492e+00  -6.4227e+00  -5.5000e-01
  -5.7193e+00  -6.4493e+00  -5.5000e-01
  -5.6892e+00  -6.4759e+00  -5.5000e-01
  -5.6590e+00  -6.5023e+00  -5.5000e-01
  -5.6287e+00  -6.5286e+00  -5.5000e-01
  -5.5982e+00  -6.5547e+00  -5.5000e-01
  -5.5677e+00  -6.5807e+00  -5.5000e-01
  -5.5370e+00  -6.6065e+00  -5.5000e-01
  -5.5062e+00  -6.6322e+00  -5.5000e-01
  -5.4753e+00  -6.6578e+00  -5.5000e-01
  -5.4442e+00  -6.6832e+00  -5.5000e-01
  -5.4130e+00  -6.7085e+00  -5.5000e-01
  -5.3818e+00  -6.7336e+00  -5.5000e-01
  -5.3504e+00  -6.7586e+00  -5.5000e-01
  -5.3188e+00  -6.7834e+00  -5.5000e-01
  -5.2872e+00  -6.8081e+00  -5.5000e-01
  -5.2555e+00  -6.8326e+00  -5.5000e-01
  -5.2236e+00  -6.8570e+00  -5.5000e-01
  -5.1916e+00  -6.8812e+00  -5.5000e-01
  -5.1596e+00  -6.9053e+00  -5.5000e-01
  -5.1274e+00  -6.9292e+00  -5.5000e-01
  -5.0951e+00  -6.9530e+00  -5.5000e-01
  -5.0627e+00  -6.9767e+00  -5.5000e-01
  -5.0301e+00  -7.0002e+00  -5.5000e-01
  -4.9975e+00  -7.0235e+00  -5.5000e-01
  -4.9647e+00  -7.0467e+00  -5.5000e-01
  -4.9319e+00  -7.0697e+00  -5.5000e-01
  -4.8989e+00  -7.0926e+00  -5.5000e-01
  -4.8659e+00  -7.1153e+00  -5.5000e-01
  -4.8327e+00  -7.1379e+00  -5.5000e-01
  -4.7994e+00  -7.1603e+00  -5.5000e-01
  -4.7661e+00  -7.1826e+00  -5.5000e-01
  -4.7326e+00  -7.2047e+00  -5.5000e-01
  -4.7333e+00  -7.2058e+00  -5.0966e-01
  -4.7341e+00  -7.2070e+00  -4.6931e-01
  -4.7348e+00  -7.2081e+00  -4.2897e-01
  -4.7356e+00  -7.2093e+00  -3.8862e-01
  -4.7364e+00  -7.2104e+00  -3.4828e-01
  -4.7371e+00  -7.2116e+00  -3.0793e-01
  -4.7379e+00  -7.2127e+00  -2.6759e-01
  -4.7386e+00  -7.2139e+00  -2.2724e-01
  -4.7394e+00  -7.2150e+00  -1.8690e-01
  -4.7401e+00  -7.2162e+00  -1.4655e-01
  -4.7409e+00  -7.2173e+00  -1.0621e-01
  -4.7417e+00  -7.2185e+00  -6.5862e-02
  -4.7424e+00  -7.2196e+00  -2.5517e-02
  -4.7432e+00  -7.2208e+00   1.4828e-02
  -4.7439e+00  -7.2220e+00   5.5172e-02
  -4.7447e+00  -7.2231e+00   9.5517e-02
  -4.7455e+00  -7.2243e+00   1.3586e-01
  -4.7462e+00  -7.2254e+00   1.7621e-01
  -4.7470e+00  -7.2266e+00   2.1655e-01
  -4.7477e+00  -7.2277e+00   2.5690e-01
  -4.7485e+00  -7.2289e+00   2.9724e-01
  -4.7492e+00  -7.2300e+00   3.3759e-01
  -4.7500e+00  -7.2312e+00   3.7793e-01
  -4.7508e+00  -7.2323e+00   4.1828e-01
  -4.7515e+00  -7.2335e+00   4.5862e-01
  -4.7523e+00  -7.2346e+00   4.9897e-01
  -4.7530e+00  -7.2358e+00   5.3931e-01
  -4.7538e+00  -7.2369e+00   5.7966e-01
  -4.7545e+00  -7.2381e+00   6.2000e-01
  -4.7538e+00  -7.2369e+00   6.6034e-01
  -4.7530e+00  -7.2358e+00   7.0069e-01
  -4.7523e+00  -7.2346e+00   7.4103e-01
  -4.7515e+00  -7.2335e+00   7.8138e-01
  -4.7508e+00  -7.2323e+00   8.2172e-01
  -4.7500e+00  -7.2312e+00   8.6207e-01
  -4.7492e+00  -7.2300e+00   9.0241e-01
  -4.7485e+00  -7.2289e+00   9.4276e-01
  -4.7477e+00  -7.2277e+00   9.8310e-01
  -4.7470e+00  -7.2266e+00   1.0234e+00
  -4.7462e+00  -7.2254e+00   1.0638e+00
  -4.7455e+00  -7.2243e+00   1.1041e+00
  -4.7447e+00  -7.2231e+00   1.1445e+00
  -4.7439e+00  -7.2220e+00   1.1848e+00
  -4.7432e+00  -7.2208e+00   1.2252e+00
  -4.7424e+00  -7.2196e+00   1.2655e+00
  -4.7417e+00  -7.2185e+00   1.3059e+00
  -4.7409e+00  -7.2173e+00   1.3462e+00
  -4.7401e+00  -7.2162e+00   1.3866e+00
  -4.7394e+00  -7.2150e+00   1.4269e+00
  -4.7386e+00  -7.2139e+00   1.4672e+00
  -4.7379e+00  -7.2127e+00   1.5076e+00
  -4.7371e+00  -7.2116e+00   1.5479e+00
  -4.7364e+00  -7.2104e+00   1.5883e+00
  -4.7356e+00  -7.2093e+00   1.6286e+00
  -4.7348e+00  -7.2081e+00   1.6690e+00
  -4.7341e+00  -7.2070e+00   1.7093e+00
  -4.7333e+00  -7.2058e+00   1.7497e+00
  -4.7326e+00  -7.2047e+00   1.7900e+00
  -4.7661e+00  -7.1826e+00   1.7900e+00
  -4.7994e+00  -7.1603e+00   1.7900e+00
  -4.8327e+00  -7.1379e+00   1.7900e+00
  -4.8659e+00  -7.1153e+00   1.7900e+00
  -4.8989e+00  -7.0926e+00   1.7900e+00
  -4.9319e+00  -7.0697e+00   1.7900e+00
  -4.9647e+00  -7.0467e+00   1.7900e+00
  -4.9975e+00  -7.0235e+00   1.7900e+00
  -5.0301e+00  -7.0002e+00   1.7900e+00
  -5.0627e+00  -6.9767e+00   1.7900e+00
  -5.0951e+00  -6.9530e+00   1.7900e+00
  -5.1274e+00  -6.9292e+00   1.7900e+00
  -5.1596e+00  -6.9053e+00   1.7900e+00
  -5.1916e+00  -6.8812e+00   1.7900e+00
  -5.2236e+00  -6.8570e+00   1.7900e+00
  -5.2555e+00  -6.8326e+00   1.7900e+00
  -5.2872e+00  -6.8081e+00   1.7900e+00
  -5.3188e+00  -6.7834e+00   1.7900e+00
  -5.3504e+00  -6.7586e+00   1.7900e+00
  -5.3818e+00  -6.7336e+00   1.7900e+00
  -5.4130e+00  -6.7085e+00   1.7900e+00
  -5.4442e+00  -6.6832e+00   1.7900e+00
  -5.4753e+00  -6.6578e+00   1.7900e+00
  -5.5062e+00  -6.6322e+00   1.7900e+00
  -5.5370e+00  -6.6065e+00   1.7900e+00
  -5.5677e+00  -6.5807e+00   1.7900e+00
  -5.5982e+00  -6.5547e+00   1.7900e+00
  -5.6287e+00  -6.5286e+00   1.7900e+00
  -5.6590e+00  -6.5023e+00   1.7900e+00
  -5.6892e+00  -6.4759e+00   1.7900e+00
  -5.7193e+00  -6.4493e+00   1.7900e+00
  -5.7492e+00  -6.4227e+00   1.7900e+00
  -5.7791e+00  -6.3958e+00   1.7900e+00
  -5.8088e+00  -6.3689e+00   1.7900e+00
  -5.8384e+00  -6.3418e+00   1.7900e+00
  -5.8678e+00  -6.3145e+00   1.7900e+00
  -5.8971e+00  -6.2871e+00   1.7900e+00
  -5.9263e+00  -6.2596e+00   1.7900e+00
  -5.9554e+00  -6.2320e+00   1.7900e+00
  -5.9843e+00  -6.2042e+00   1.7900e+00
  -6.0132e+00  -6.1763e+00   1.7900e+00
  -6.0418e+00  -6.1482e+00   1.7900e+00
  -6.0704e+00  -6.1200e+00   1.7900e+00
  -6.0988e+00  -6.0917e+00   1.7900e+00
  -6.1271e+00  -6.0633e+00   1.7900e+00
  -6.1552e+00  -6.0347e+00   1.7900e+00
  -6.1833e+00  -6.0060e+00   1.7900e+00
  -6.2112e+00  -5.9771e+00   1.7900e+00
  -6.2389e+00  -5.9482e+00   1.7900e+00
  -6.2665e+00  -5.9190e+00   1.7900e+00
  -6.2940e+00  -5.8898e+00   1.7900e+00
  -6.3213e+00  -5.8605e+00   1.7900e+00
  -6.3486e+00  -5.8310e+00   1.7900e+00
  -6.3756e+00  -5.8014e+00   1.7900e+00
  -6.4026e+00  -5.7716e+00   1.7900e+00
  -6.4293e+00  -5.7418e+00   1.7900e+00
  -6.4560e+00  -5.7118e+00   1.7900e+00
  -6.4825e+00  -5.6817e+00   1.7900e+00
  -6.5089e+00  -5.6514e+00   1.7900e+00
  -6.5351e+00  -5.6211e+00   1.7900e+00
  -6.5612e+00  -5.5906e+00   1.7900e+00
  -6.5872e+00  -5.5600e+00   1.7900e+00
  -6.6130e+00  -5.5293e+00   1.7900e+00
  -6.6386e+00  -5.4985e+00   1.7900e+00
  -6.6641e+00  -5.4675e+00   1.7900e+00
  -6.6895e+00  -5.4364e+00   1.7900e+00
  -6.7147e+00  -5.4052e+00   1.7900e+00
  -6.7398e+00  -5.3739e+00   1.7900e+00
  -6.7648e+00  -5.3425e+00   1.7900e+00
  -6.7896e+00  -5.3110e+00   1.7900e+00
  -6.8142e+00  -5.2793e+00   1.7900e+00
  -6.8387e+00  -5.2475e+00   1.7900e+00
  -6.8631e+00  -5.2156e+00   1.7900e+00
  -6.8873e+00  -5.1836e+00   1.7900e+00
  -6.9113e+00  -5.1515e+00   1.7900e+00
  -6.9124e+00  -5.1524e+00   1.7497e+00
  -6.9135e+00  -5.1532e+00   1.7093e+00
  -6.9146e+00  -5.1540e+00   1.6690e+00
  -6.9157e+00  -5.1548e+00   1.6286e+00
  -6.9168e+00  -5.1557e+00   1.5883e+00
  -6.9179e+00  -5.1565e+00   1.5479e+00
  -6.9190e+00  -5.1573e+00   1.5076e+00
  -6.9202e+00  -5.1581e+00   1.4672e+00
  -6.9213e+00  -5.1589e+00   1.4269e+00
  -6.9224e+00  -5.1598e+00   1.3866e+00
  -6.9235e+00  -5.1606e+00   1.3462e+00
  -6.9246e+00  -5.1614e+00   1.3059e+00
  -6.9257e+00  -5.1622e+00   1.2655e+00
  -6.9268e+00  -5.1631e+00   1.2252e+00
  -6.9279e+00  -5.1639e+00   1.1848e+00
  -6.9290e+00  -5.1647e+00   1.1445e+00
  -6.9301e+00  -5.1655e+00   1.1041e+00
  -6.9312e+00  -5.1664e+00   1.0638e+00
  -6.9323e+00  -5.1672e+00   1.0234e+00
  -6.9334e+00  -5.1680e+00   9.8310e-01
  -6.9345e+00  -5.1688e+00   9.4276e-01
  -6.9356e+00  -5.1697e+00   9.0241e-01
  -6.9367e+00  -5.1705e+00   8.6207e-01
  -6.9378e+00  -5.1713e+00   8.2172e-01
  -6.9390e+00  -5.1721e+00   7.8138e-01
  -6.9401e+00  -5.1730e+00   7.4103e-01
  -6.9412e+00  -5.1738e+00   7.0069e-01
  -6.9423e+00  -5.1746e+00   6.6034e-01
  -6.9434e+00  -5.1754e+00   6.2000e-01
  -6.9423e+00  -5.1746e+00   5.7966e-01
  -6.9412e+00  -5.1738e+00   5.3931e-01
  -6.9401e+00  -5.1730e+00   4.9897e-01
  -6.9390e+00  -5.1721e+00   4.5862e-01
  -6.9378e+00  -5.1713e+00   4.1828e-01
  -6.9367e+00  -5.1705e+00   3.7793e-01
  -6.9356e+00  -5.1697e+00   3.3759e-01
  -6.9345e+00  -5.1688e+00   2.9724e-01
  -6.9334e+00  -5.1680e+00   2.5690e-01
  -6.9323e+00  -5.1672e+00   2.1655e-01
  -6.9312e+00  -5.1664e+00   1.7621e-01
  -6.9301e+00  -5.1655e+00   1.3586e-01
  -6.9290e+00  -5.1647e+00   9.5517e-02
  -6.9279e+00  -5.1639e+00   5.5172e-02
  -6.9268e+00  -5.1631e+00   1.4828e-02
  -6.9257e+00  -5.1622e+00  -2.5517e-02
  -6.9246e+00  -5.1614e+00  -6.5862e-02
  -6.9235e+00  -5.1606e+00  -1.0621e-01
  -6.9224e+00  -5.1598e+00  -1.4655e-01
  -6.9213e+00  -5.1589e+00  -1.8690e-01
  -6.9202e+00  -5.1581e+00  -2.2724e-01
  -6.9190e+00  -5.1573e+00  -2.6759e-01
  -6.9179e+00  -5.1565e+00  -3.0793e-01
  -6.9168e+00  -5.1557e+00  -3.4828e-01
  -6.9157e+00  -5.1548e+00  -3.8862e-01
  -6.9146e+00  -5.1540e+00  -4.2897e-01
  -6.9135e+00  -5.1532e+00  -4.6931e-01
  -6.9124e+00  -5.1524e+00  -5.0966e-01
  -6.9113e+00  -5.1515e+00  -5.5000e-01
  -1.9830e+00  -8.3888e+00  -5.5000e-01
  -1.9440e+00  -8.3979e+00  -5.5000e-01
  -1.9049e+00  -8.4069e+00  -5.5000e-01
  -1.8657e+00  -8.4157e+00  -5.5000e-01
  -1.8265e+00  -8.4243e+00  -5.5000e-01
  -1.7873e+00  -8.4327e+00  -5.5000e-01
  -1.7480e+00  -8.4409e+00  -5.5000e-01
  -1.7087e+00  -8.4489e+00  -5.5000e-01
  -1.6694e+00  -8.4568e+00  -5.5000e-01
  -1.6300e+00  -8.4645e+00  -5.5000e-01
  -1.5906e+00  -8.4720e+00  -5.5000e-01
  -1.5511e+00  -8.4793e+00  -5.5000e-01
  -1.5117e+00  -8.4864e+00  -5.5000e-01
  -1.4721e+00  -8.4934e+00  -5.5000e-01
  -1.4326e+00  -8.5001e+00  -5.5000e-01
  -1.3930e+00  -8.5067e+00  -5.5000e-01
  -1.3534e+00  -8.5131e+00  -5.5000e-01
  -1.3138e+00  -8.5193e+00  -5.5000e-01
  -1.2741e+00  -8.5253e+00  -5.5000e-01
  -1.2344e+00  -8.5312e+00  -5.5000e-01
  -1.1947e+00  -8.5368e+00  -5.5000e-01
  -1.1550e+00  -8.5423e+00  -5.5000e-01
  -1.1152e+00  -8.5476e+00  -5.5000e-01
  -1.0754e+00  -8.5527e+00  -5.5000e-01
  -1.0356e+00  -8.5576e+00  -5.5000e-01
  -9.9574e-01  -8.5623e+00  -5.5000e-01
  -9.5588e-01  -8.5668e+00  -5.5000e-01
  -9.1600e-01  -8.5712e+00  -5.5000e-01
  -8.7609e-01  -8.5754e+00  -5.5000e-01
  -8.3617e-01  -8.5793e+00  -5.5000e-01
  -7.9623e-01  -8.5831e+00  -5.5000e-01
  -7.5628e-01  -8.5868e+00  -5.5000e-01
  -7.1631e-01  -8.5902e+00  -5.5000e-01
  -6.7632e-01  -8.5934e+00  -5.5000e-01
  -6.3631e-01  -8.5965e+00  -5.5000e-01
  -5.9630e-01  -8.5994e+00  -5.5000e-01
  -5.5627e-01  -8.6020e+00  -5.5000e-01
  -5.1623e-01  -8.6045e+00  -5.5000e-01
  -4.7617e-01  -8.6068e+00  -5.5000e-01
  -4.3611e-01  -8.6090e+00  -5.5000e-01
  -3.9604e-01  -8.6109e+00  -5.5000e-01
  -3.5596e-01  -8.6126e+00  -5.5000e-01
  -3.1587e-01  -8.6142e+00  -5.5000e-01
  -2.7577e-01  -8.6156e+00  -5.5000e-01
  -2.3567e-01  -8.6168e+00  -5.5000e-01
  -1.9556e-01  -8.6178e+00  -5.5000e-01
  -1.5545e-01  -8.6186e+00  -5.5000e-01
  -1.1534e-01  -8.6192e+00  -5.5000e-01
  -7.5223e-02  -8.6197e+00  -5.5000e-01
  -3.5104e-02  -8.6199e+00  -5.5000e-01
   5.0149e-03  -8.6200e+00  -5.5000e-01
   4.5134e-02  -8.6199e+00  -5.5000e-01
   8.5252e-02  -8.6196e+00  -5.5000e-01
   1.2537e-01  -8.6191e+00  -5.5000e-01
   1.6548e-01  -8.6184e+00  -5.5000e-01
   2.0559e-01  -8.6175e+00  -5.5000e-01
   2.4570e-01  -8.6165e+00  -5.5000e-01
   2.8580e-01  -8.6153e+00  -5.5000e-01
   3.2589e-01  -8.6138e+00  -5.5000e-01
   3.6598e-01  -8.6122e+00  -5.5000e-01
   4.0606e-01  -8.6104e+00  -5.5000e-01
   4.4613e-01  -8.6084e+00  -5.5000e-01
   4.8619e-01  -8.6063e+00  -5.5000e-01
   5.2624e-01  -8.6039e+00  -5.5000e-01
   5.6628e-01  -8.6014e+00  -5.5000e-01
   6.0630e-01  -8.5987e+00  -5.5000e-01
   6.4632e-01  -8.5957e+00  -5.5000e-01
   6.8632e-01  -8.5926e+00  -5.5000e-01
   7.2630e-01  -8.5893e+00  -5.5000e-01
   7.6627e-01  -8.5859e+00  -5.5000e-01
   8.0622e-01  -8.5822e+00  -5.5000e-01
   8.4616e-01  -8.5784e+00  -5.5000e-01
   8.8607e-01  -8.5743e+00  -5.5000e-01
   9.2597e-01  -8.5701e+00  -5.5000e-01
   9.6585e-01  -8.5657e+00  -5.5000e-01
   1.0057e+00  -8.5611e+00  -5.5000e-01
   1.0059e+00  -8.5625e+00  -5.0966e-01
   1.0060e+00  -8.5639e+00  -4.6931e-01
   1.0062e+00  -8.5652e+00  -4.2897e-01
   1.0063e+00  -8.5666e+00  -3.8862e-01
   1.0065e+00  -8.5680e+00  -3.4828e-01
   1.0067e+00  -8.5694e+00  -3.0793e-01
   1.0068e+00  -8.5707e+00  -2.6759e-01
   1.0070e+00  -8.5721e+00  -2.2724e-01
   1.0072e+00  -8.5735e+00  -1.8690e-01
   1.0073e+00  -8.5748e+00  -1.4655e-01
   1.0075e+00  -8.5762e+00  -1.0621e-01
   1.0076e+00  -8.5776e+00  -6.5862e-02
   1.0078e+00  -8.5789e+00  -2.5517e-02
   1.0080e+00  -8.5803e+00   1.4828e-02
   1.0081e+00  -8.5817e+00   5.5172e-02
   1.0083e+00  -8.5830e+00   9.5517e-02
   1.0084e+00  -8.5844e+00   1.3586e-01
   1.0086e+00  -8.5858e+00   1.7621e-01
   1.0088e+00  -8.5872e+00   2.1655e-01
   1.0089e+00  -8.5885e+00   2.5690e-01
   1.0091e+00  -8.5899e+00   2.9724e-01
   1.0092e+00  -8.5913e+00   3.3759e-01
   1.0094e+00  -8.5926e+00   3.7793e-01
   1.0096e+00  -8.5940e+00   4.1828e-01
   1.0097e+00  -8.5954e+00   4.5862e-01
   1.0099e+00  -8.5967e+00   4.9897e-01
   1.0100e+00  -8.5981e+00   5.3931e-01
   1.0102e+00  -8.5995e+00   5.7966e-01
   1.0104e+00  -8.6009e+00   6.2000e-01
   1.0102e+00  -8.5995e+00   6.6034e-01
   1.0100e+00  -8.5981e+00   7.0069e-01
   1.0099e+00  -8.5967e+00   7.4103e-01
   1.0097e+00  -8.5954e+00   7.8138e-01
   1.0096e+00  -8.5940e+00   8.2172e-01
   1.0094e+00  -8.5926e+00   8.6207e-01
   1.0092e+00  -8.5913e+00   9.0241e-01
   1.0091e+00  -8.5899e+00   9.4276e-01
   1.0089e+00  -8.5885e+00   9.8310e-01
   1.0088e+00  -8.5872e+00   1.0234e+00
   1.0086e+00  -8.5858e+00   1.0638e+00
   1.0084e+00  -8.5844e+00   1.1041e+00
   1.0083e+00  -8.5830e+00   1.1445e+00
   1.0081e+00  -8.5817e+00   1.1848e+00
   1.0080e+00  -8.5803e+00   1.2252e+00
   1.0078e+00  -8.5789e+00   1.2655e+00
   1.0076e+00  -8.5776e+00   1.3059e+00
   1.0075e+00  -8.5762e+00   1.3462e+00
   1.0073e+00  -8.5748e+00   1.3866e+00
   1.0072e+00  -8.5735e+00   1.4269e+00
   1.0070e+00  -8.5721e+00   1.4672e+00
   1.0068e+00  -8.5707e+00   1.5076e+00
   1.0067e+00  -8.5694e+00   1.5479e+00
   1.0065e+00  -8.5680e+00   1.5883e+00
   1.0063e+00  -8.5666e+00   1.6286e+00
   1.0062e+00  -8.5652e+00   1.6690e+00
   1.0060e+00  -8.5639e+00   1.7093e+00
   1.0059e+00  -8.5625e+00   1.7497e+00
   1.0057e+00  -8.5611e+00   1.7900e+00
   9.6585e-01  -8.5657e+00   1.7900e+00
   9.2597e-01  -8.5701e+00   1.7900e+00
   8.8607e-01  -8.5743e+00   1.7900e+00
   8.4616e-01  -8.5784e+00   1.7900e+00
   8.0622e-01  -8.5822e+00   1.7900e+00
   7.6627e-01  -8.5859e+00   1.7900e+00
   7.2630e-01  -8.5893e+00   1.7900e+00
   6.8632e-01  -8.5926e+00   1.7900e+00
   6.4632e-01  -8.5957e+00   1.7900e+00
   6.0630e-01  -8.5987e+00   1.7900e+00
   5.6628e-01  -8.6014e+00   1.7900e+00
   5.2624e-01  -8.6039e+00   1.7900e+00
   4.8619e-01  -8.6063e+00   1.7900e+00
   4.4613e-01  -8.6084e+00   1.7900e+00
   4.0606e-01  -8.6104e+00   1.7900e+00
   3.6598e-01  -8.6122e+00   1.7900e+00
   3.2589e-01  -8.6138e+00   1.7900e+00
   2.8580e-01  -8.6153e+00   1.7900e+00
   2.4570e-01  -8.6165e+00   1.7900e+00
   2.0559e-01  -8.6175e+00   1.7900e+00
   1.6548e-01  -8.6184e+00   1.7900e+00
   1.2537e-01  -8.6191e+00   1.7900e+00
   8.5252e-02  -8.6196e+00   1.7900e+00
   4.5134e-02  -8.6199e+00   1.7900e+00
   5.0149e-03  -8.6200e+00   1.7900e+00
  -3.5104e-02  -8.6199e+00   1.7900e+00
  -7.5223e-02  -8.6197e+00   1.7900e+00
  -1.1534e-01  -8.6192e+00   1.7900e+00
  -1.5545e-01  -8.6186e+00   1.7900e+00
  -1.9556e-01  -8.6178e+00   1.7900e+00
  -2.3567e-01  -8.6168e+00   1.7900e+00
  -2.7577e-01  -8.6156e+00   1.7900e+00
  -3.1587e-01  -8.6142e+00   1.7900e+00
  -3.5596e-01  -8.6126e+00   1.7900e+00
  -3.9604e-01  -8.6109e+00   1.7900e+00
  -4.3611e-01  -8.6090e+00   1.7900e+00
  -4.7617e-01  -8.6068e+00   1.7900e+00
  -5.1623e-01  -8.6045e+00   1.7900e+00
  -5.5627e-01  -8.6020e+00   1.7900e+00
  -5.9630e-01  -8.5994e+00   1.7900e+00
  -6.3631e-01  -8.5965e+00   1.7900e+00
  -6.7632e-01  -8.5934e+00   1.7900e+00
  -7.1631e-01  -8.5902e+00   1.7900e+00
  -7.5628e-01  -8.5868e+00   1.7900e+00
  -7.9623e-01  -8.5831e+00   1.7900e+00
  -8.3617e-01  -8.5793e+00   1.7900e+00
  -8.7609e-01  -8.5754e+00   1.7900e+00
  -9.1600e-01  -8.5712e+00   1.7900e+00
  -9.5588e-01  -8.5668e+00   1.7900e+00
  -9.9574e-01  -8.5623e+00   1.7900e+00
  -1.0356e+00  -8.5576e+00   1.7900e+00
  -1.0754e+00  -8.5527e+00   1.7900e+00
  -1.1152e+00  -8.5476e+00   1.7900e+00
  -1.1550e+00  -8.5423e+00   1.7900e+00
  -1.1947e+00  -8.5368e+00   1.7900e+00
  -1.2344e+00  -8.5312e+00   1.7900e+00
  -1.2741e+00  -8.5253e+00   1.7900e+00
  -1.3138e+00  -8.5193e+00   1.7900e+00
  -1.3534e+00  -8.5131e+00   1.7900e+00
  -1.3930e+00  -8.5067e+00   1.7900e+00
  -1.4326e+00  -8.5001e+00   1.7900e+00
  -1.4721e+00  -8.4934e+00   1.7900e+00
  -1.5117e+00  -8.4864e+00   1.7900e+00
  -1.5511e+00  -8.4793e+00   1.7900e+00
  -1.5906e+00  -8.4720e+00   1.7900e+00
  -1.6300e+00  -8.4645e+00   1.7900e+00
  -1.6694e+00  -8.4568e+00   1.7900e+00
  -1.7087e+00  -8.4489e+00   1.7900e+00
  -1.7480e+00  -8.4409e+00   1.7900e+00
  -1.7873e+00  -8.4327e+00   1.7900e+00
  -1.8265e+00  -8.4243e+00   1.7900e+00
  -1.8657e+00  -8.4157e+00   1.7900e+00
  -1.9049e+00  -8.4069e+00   1.7900e+00
  -1.9440e+00  -8.3979e+00   1.7900e+00
  -1.9830e+00  -8.3888e+00   1.7900e+00
  -1.9833e+00  -8.3901e+00   1.7497e+00
  -1.9837e+00  -8.3915e+00   1.7093e+00
  -1.9840e+00  -8.3928e+00   1.6690e+00
  -1.9843e+00  -8.3942e+00   1.6286e+00
  -1.9846e+00  -8.3955e+00   1.5883e+00
  -1.9849e+00  -8.3969e+00   1.5479e+00
  -1.9852e+00  -8.3982e+00   1.5076e+00
  -1.9856e+00  -8.3995e+00   1.4672e+00
  -1.9859e+00  -8.4009e+00   1.4269e+00
  -1.9862e+00  -8.4022e+00   1.3866e+00
  -1.9865e+00  -8.4036e+00   1.3462e+00
  -1.9868e+00  -8.4049e+00   1.3059e+00
  -1.9872e+00  -8.4063e+00   1.2655e+00
  -1.9875e+00  -8.4076e+00   1.2252e+00
  -1.9878e+00  -8.4089e+00   1.1848e+00
  -1.9881e+00  -8.4103e+00   1.1445e+00
  -1.9884e+00  -8.4116e+00   1.1041e+00
  -1.9887e+00  -8.4130e+00   1.0638e+00
  -1.9891e+00  -8.4143e+00   1.0234e+00
  -1.9894e+00  -8.4156e+00   9.8310e-01
  -1.9897e+00  -8.4170e+00   9.4276e-01
  -1.9900e+00  -8.4183e+00   9.0241e-01
  -1.9903e+00  -8.4197e+00   8.6207e-01
  -1.9906e+00  -8.4210e+00   8.2172e-01
  -1.9910e+00  -8.4224e+00   7.8138e-01
  -1.9913e+00  -8.4237e+00   7.4103e-01
  -1.9916e+00  -8.4250e+00   7.0069e-01
  -1.9919e+00  -8.4264e+00   6.6034e-01
  -1.9922e+00  -8.4277e+00   6.2000e-01
  -1.9919e+00  -8.4264e+00   5.7966e-01
  -1.9916e+00  -8.4250e+00   5.3931e-01
  -1.9913e+00  -8.4237e+00   4.9897e-01
  -1.9910e+00  -8.4224e+00   4.5862e-01
  -1.9906e+00  -8.4210e+00   4.1828e-01
  -1.9903e+00  -8.4197e+00   3.7793e-01
  -1.9900e+00  -8.4183e+00   3.3759e-01
  -1.9897e+00  -8.4170e+00   2.9724e-01
  -1.9894e+00  -8.4156e+00   2.5690e-01
  -1.9891e+00  -8.4143e+00   2.1655e-01
  -1.9887e+00  -8.4130e+00   1.7621e-01
  -1.9884e+00  -8.4116e+00   1.3586e-01
  -1.9881e+00  -8.4103e+00   9.5517e-02
  -1.9878e+00  -8.4089e+00   5.5172e-02
  -1.9875e+00  -8.4076e+00   1.4828e-02
  -1.9872e+00  -8.4063e+00  -2.5517e-02
  -1.9868e+00  -8.4049e+00  -6.5862e-02
  -1.9865e+00  -8.4036e+00  -1.0621e-01
  -1.9862e+00  -8.4022e+00  -1.4655e-01
  -1.9859e+00  -8.4009e+00  -1.8690e-01
  -1.9856e+00  -8.3995e+00  -2.2724e-01
  -1.9852e+00  -8.3982e+00  -2.6759e-01
  -1.9849e+00  -8.3969e+00  -3.0793e-01
  -1.9846e+00  -8.3955e+00  -3.4828e-01
  -1.9843e+00  -8.3942e+00  -3.8862e-01
  -1.9840e+00  -8.3928e+00  -4.2897e-01
  -1.9837e+00  -8.3915e+00  -4.6931e-01
  -1.9833e+00  -8.3901e+00  -5.0966e-01
  -1.9830e+00  -8.3888e+00  -5.5000e-01
   3.8731e+00  -7.7009e+00  -5.5000e-01
   3.9089e+00  -7.6828e+00  -5.5000e-01
   3.9446e+00  -7.6645e+00  -5.5000e-01
   3.9803e+00  -7.6460e+00  -5.5000e-01
   4.0158e+00  -7.6274e+00  -5.5000e-01
   4.0513e+00  -7.6087e+00  -5.5000e-01
   4.0866e+00  -7.5897e+00  -5.5000e-01
   4.1219e+00  -7.5706e+00  -5.5000e-01
   4.1571e+00  -7.5513e+00  -5.5000e-01
   4.1922e+00  -7.5319e+00  -5.5000e-01
   4.2272e+00  -7.5123e+00  -5.5000e-01
   4.2621e+00  -7.4926e+00  -5.5000e-01
   4.2970e+00  -7.4727e+00  -5.5000e-01
   4.3317e+00  -7.4526e+00  -5.5000e-01
   4.3663e+00  -7.4323e+00  -5.5000e-01
   4.4009e+00  -7.4119e+00  -5.5000e-01
   4.4353e+00  -7.3914e+00  -5.5000e-01
   4.4697e+00  -7.3706e+00  -5.5000e-01
   4.5039e+00  -7.3498e+00  -5.5000e-01
   4.5381e+00  -7.3287e+00  -5.5000e-01
   4.5722e+00  -7.3075e+00  -5.5000e-01
   4.6061e+00  -7.2862e+00  -5.5000e-01
   4.6400e+00  -7.2646e+00  -5.5000e-01
   4.6737e+00  -7.2430e+00  -5.5000e-01
   4.7074e+00  -7.2211e+00  -5.5000e-01
   4.7410e+00  -7.1991e+00  -5.5000e-01
   4.7744e+00  -7.1770e+00  -5.5000e-01
   4.8078e+00  -7.1547e+00  -5.5000e-01
   4.8410e+00  -7.1323e+00  -5.5000e-01
   4.8742e+00  -7.1096e+00  -5.5000e-01
   4.9072e+00  -7.0869e+00  -5.5000e-01
   4.9401e+00  -7.0640e+00  -5.5000e-01
   4.9729e+00  -7.0409e+00  -5.5000e-01
   5.0057e+00  -7.0177e+00  -5.5000e-01
   5.0383e+00  -6.9943e+00  -5.5000e-01
   5.0708e+00  -6.9708e+00  -5.5000e-01
   5.1032e+00  -6.9471e+00  -5.5000e-01
   5.1354e+00  -6.9233e+00  -5.5000e-01
   5.1676e+00  -6.8993e+00  -5.5000e-01
   5.1997e+00  -6.8752e+00  -5.5000e-01
   5.2316e+00  -6.8509e+00  -5.5000e-01
   5.2634e+00  -6.8265e+00  -5.5000e-01
   5.2951e+00  -6.8019e+00  -5.5000e-01
   5.3267e+00  -6.7772e+00  -5.5000e-01
   5.3582e+00  -6.7523e+00  -5.5000e-01
   5.3896e+00  -6.7273e+00  -5.5000e-01
   5.4208e+00  -6.7022e+00  -5.5000e-01
   5.4520e+00  -6.6769e+00  -5.5000e-01
   5.4830e+00  -6.6514e+00  -5.5000e-01
   5.5139e+00  -6.6258e+00  -5.5000e-01
   5.5447e+00  -6.6001e+00  -5.5000e-01
   5.5753e+00  -6.5742e+00  -5.5000e-01
   5.6059e+00  -6.5482e+00  -5.5000e-01
   5.6363e+00  -6.5220e+00  -5.5000e-01
   5.6666e+00  -6.4957e+00  -5.5000e-01
   5.6967e+00  -6.4693e+00  -5.5000e-01
   5.7268e+00  -6.4427e+00  -5.5000e-01
   5.7567e+00  -6.4160e+00  -5.5000e-01
   5.7865e+00  -6.3891e+00  -5.5000e-01
   5.8162e+00  -6.3621e+00  -5.5000e-01
   5.8457e+00  -6.3350e+00  -5.5000e-01
   5.8752e+00  -6.3077e+00  -5.5000e-01
   5.9045e+00  -6.2803e+00  -5.5000e-01
   5.9336e+00  -6.2527e+00  -5.5000e-01
   5.9627e+00  -6.2250e+00  -5.5000e-01
   5.9916e+00  -6.1972e+00  -5.5000e-01
   6.0203e+00  -6.1693e+00  -5.5000e-01
   6.0490e+00  -6.1412e+00  -5.5000e-01
   6.0775e+00  -6.1130e+00  -5.5000e-01
   6.1059e+00  -6.0846e+00  -5.5000e-01
   6.1341e+00  -6.0561e+00  -5.5000e-01
   6.1623e+00  -6.0275e+00  -5.5000e-01
   6.1902e+00  -5.9988e+00  -5.5000e-01
   6.2181e+00  -5.9699e+00  -5.5000e-01
   6.2458e+00  -5.9409e+00  -5.5000e-01
   6.2734e+00  -5.9118e+00  -5.5000e-01
   6.2744e+00  -5.9127e+00  -5.0966e-01
   6.2754e+00  -5.9136e+00  -4.6931e-01
   6.2764e+00  -5.9146e+00  -4.2897e-01
   6.2774e+00  -5.9155e+00  -3.8862e-01
   6.2784e+00  -5.9165e+00  -3.4828e-01
   6.2794e+00  -5.9174e+00  -3.0793e-01
   6.2804e+00  -5.9184e+00  -2.6759e-01
   6.2814e+00  -5.9193e+00  -2.2724e-01
   6.2824e+00  -5.9203e+00  -1.8690e-01
   6.2834e+00  -5.9212e+00  -1.4655e-01
   6.2844e+00  -5.9222e+00  -1.0621e-01
   6.2854e+00  -5.9231e+00  -6.5862e-02
   6.2865e+00  -5.9241e+00  -2.5517e-02
   6.2875e+00  -5.9250e+00   1.4828e-02
   6.2885e+00  -5.9259e+00   5.5172e-02
   6.2895e+00  -5.9269e+00   9.5517e-02
   6.2905e+00  -5.9278e+00   1.3586e-01
   6.2915e+00  -5.9288e+00   1.7621e-01
   6.2925e+00  -5.9297e+00   2.1655e-01
   6.2935e+00  -5.9307e+00   2.5690e-01
   6.2945e+00  -5.9316e+00   2.9724e-01
   6.2955e+00  -5.9326e+00   3.3759e-01
   6.2965e+00  -5.9335e+00   3.7793e-01
   6.2975e+00  -5.9345e+00   4.1828e-01
   6.2985e+00  -5.9354e+00   4.5862e-01
   6.2995e+00  -5.9363e+00   4.9897e-01
   6.3005e+00  -5.9373e+00   5.3931e-01
   6.3015e+00  -5.9382e+00   5.7966e-01
   6.3025e+00  -5.9392e+00   6.2000e-01
   6.3015e+00  -5.9382e+00   6.6034e-01
   6.3005e+00  -5.9373e+00   7.0069e-01
   6.2995e+00  -5.9363e+00   7.4103e-01
   6.2985e+00  -5.9354e+00   7.8138e-01
   6.2975e+00  -5.9345e+00   8.2172e-01
   6.2965e+00  -5.9335e+00   8.6207e-01
   6.2955e+00  -5.9326e+00   9.0241e-01
   6.2945e+00  -5.9316e+00   9.4276e-01
   6.2935e+00  -5.9307e+00   9.8310e-01
   6.2925e+00  -5.9297e+00   1.0234e+00
   6.2915e+00  -5.9288e+00   1.0638e+00
   6.2905e+00  -5.9278e+00   1.1041e+00
   6.2895e+00  -5.9269e+00   1.1445e+00
   6.2885e+00  -5.9259e+00   1.1848e+00
   6.2875e+00  -5.9250e+00   1.2252e+00
   6.2865e+00  -5.9241e+00   1.2655e+00
   6.2854e+00  -5.9231e+00   1.3059e+00
   6.2844e+00  -5.9222e+00   1.3462e+00
   6.2834e+00  -5.9212e+00   1.3866e+00
   6.2824e+00  -5.9203e+00   1.4269e+00
   6.2814e+00  -5.9193e+00   1.4672e+00
   6.2804e+00  -5.9184e+00   1.5076e+00
   6.2794e+00  -5.9174e+00   1.5479e+00
   6.2784e+00  -5.9165e+00   1.5883e+00
   6.2774e+00  -5.9155e+00   1.6286e+00
   6.2764e+00  -5.9146e+00   1.6690e+00
   6.2754e+00  -5.9136e+00   1.7093e+00
   6.2744e+00  -5.9127e+00   1.7497e+00
   6.2734e+00  -5.9118e+00   1.7900e+00
   6.2458e+00  -5.9409e+00   1.7900e+00
   6.2181e+00  -5.9699e+00   1.7900e+00
   6.1902e+00  -5.9988e+00   1.7900e+00
   6.1623e+00  -6.0275e+00   1.7900e+00
   6.1341e+00  -6.0561e+00   1.7900e+00
   6.1059e+00  -6.0846e+00   1.7900e+00
   6.0775e+00  -6.1130e+00   1.7900e+00
   6.0490e+00  -6.1412e+00   1.7900e+00
   6.0203e+00  -6.1693e+00   1.7900e+00
   5.9916e+00  -6.1972e+00   1.7900e+00
   5.9627e+00  -6.2250e+00   1.7900e+00
   5.9336e+00  -6.2527e+00   1.7900e+00
   5.9045e+00  -6.2803e+00   1.7900e+00
   5.8752e+00  -6.3077e+00   1.7900e+00
   5.8457e+00  -6.3350e+00   1.7900e+00
   5.8162e+00  -6.3621e+00   1.7900e+00
   5.7865e+00  -6.3891e+00   1.7900e+00
   5.7567e+00  -6.4160e+00   1.7900e+00
   5.7268e+00  -6.4427e+00   1.7900e+00
   5.6967e+00  -6.4693e+00   1.7900e+00
   5.6666e+00  -6.4957e+00   1.7900e+00
   5.6363e+00  -6.5220e+00   1.7900e+00
   5.6059e+00  -6.5482e+00   1.7900e+00
   5.5753e+00  -6.5742e+00   1.7900e+00
   5.5447e+00  -6.6001e+00   1.7900e+00
   5.5139e+00  -6.6258e+00   1.7900e+00
   5.4830e+00  -6.6514e+00   1.7900e+00
   5.4520e+00  -6.6769e+00   1.7900e+00
   5.4208e+00  -6.7022e+00   1.7900e+00
   5.3896e+00  -6.7273e+00   1.7900e+00
   5.3582e+00  -6.7523e+00   1.7900e+00
   5.3267e+00  -6.7772e+00   1.7900e+00
   5.2951e+00  -6.8019e+00   1.7900e+00
   5.2634e+00  -6.8265e+00   1.7900e+00
   5.2316e+00  -6.8509e+00   1.7900e+00
   5.1997e+00  -6.8752e+00   1.7900e+00
   5.1676e+00  -6.8993e+00   1.7900e+00
   5.1354e+00  -6.9233e+00   1.7900e+00
   5.1032e+00  -6.9471e+00   1.7900e+00
   5.0708e+00  -6.9708e+00   1.7900e+00
   5.0383e+00  -6.9943e+00   1.7900e+00
   5.0057e+00  -7.0177e+00   1.7900e+00
   4.9729e+00  -7.0409e+00   1.7900e+00
   4.9401e+00  -7.0640e+00   1.7900e+00
   4.9072e+00  -7.0869e+00   1.7900e+00
   4.8742e+00  -7.1096e+00   1.7900e+00
   4.8410e+00  -7.1323e+00   1.7900e+00
   4.8078e+00  -7.1547e+00   1.7900e+00
   4.7744e+00  -7.1770e+00   1.7900e+00
   4.7410e+00  -7.1991e+00   1.7900e+00
   4.7074e+00  -7.2211e+00   1.7900e+00
   4.6737e+00  -7.2430e+00   1.7900e+00
   4.6400e+00  -7.2646e+00   1.7900e+00
   4.6061e+00  -7.2862e+00   1.7900e+00
   4.5722e+00  -7.3075e+00   1.7900e+00
   4.5381e+00  -7.3287e+00   1.7900e+00
   4.5039e+00  -7.3498e+00   1.7900e+00
   4.4697e+00  -7.3706e+00   1.7900e+00
   4.4353e+00  -7.3914e+00   1.7900e+00
   4.4009e+00  -7.4119e+00   1.7900e+00
   4.3663e+00  -7.4323e+00   1.7900e+00
   4.3317e+00  -7.4526e+00   1.7900e+00
   4.2970e+00  -7.4727e+00   1.7900e+00
   4.2621e+00  -7.4926e+00   1.7900e+00
   4.2272e+00  -7.5123e+00   1.7900e+00
   4.1922e+00  -7.5319e+00   1.7900e+00
   4.1571e+00  -7.5513e+00   1.7900e+00
   4.1219e+00  -7.5706e+00   1.7900e+00
   4.0866e+00  -7.5897e+00   1.7900e+00
   4.0513e+00  -7.6087e+00   1.7900e+00
   4.0158e+00  -7.6274e+00   1.7900e+00
   3.9803e+00  -7.6460e+00   1.7900e+00
   3.9446e+00  -7.6645e+00   1.7900e+00
   3.9089e+00  -7.6828e+00   1.7900e+00
   3.8731e+00  -7.7009e+00   1.7900e+00
   3.8737e+00  -7.7021e+00   1.7497e+00
   3.8744e+00  -7.7033e+00   1.7093e+00
   3.8750e+00  -7.7046e+00   1.6690e+00
   3.8756e+00  -7.7058e+00   1.6286e+00
   3.8762e+00  -7.7070e+00   1.5883e+00
   3.8768e+00  -7.7083e+00   1.5479e+00
   3.8775e+00  -7.7095e+00   1.5076e+00
   3.8781e+00  -7.7107e+00   1.4672e+00
   3.8787e+00  -7.7120e+00   1.4269e+00
   3.8793e+00  -7.7132e+00   1.3866e+00
   3.8799e+00  -7.7144e+00   1.3462e+00
   3.8806e+00  -7.7156e+00   1.3059e+00
   3.8812e+00  -7.7169e+00   1.2655e+00
   3.8818e+00  -7.7181e+00   1.2252e+00
   3.8824e+00  -7.7193e+00   1.1848e+00
   3.8830e+00  -7.7206e+00   1.1445e+00
   3.8837e+00  -7.7218e+00   1.1041e+00
   3.8843e+00  -7.7230e+00   1.0638e+00
   3.8849e+00  -7.7243e+00   1.0234e+00
   3.8855e+00  -7.7255e+00   9.8310e-01
   3.8861e+00  -7.7267e+00   9.4276e-01
   3.8868e+00  -7.7280e+00   9.0241e-01
   3.8874e+00  -7.7292e+00   8.6207e-01
   3.8880e+00  -7.7304e+00   8.2172e-01
   3.8886e+00  -7.7317e+00   7.8138e-01
   3.8892e+00  -7.7329e+00   7.4103e-01
   3.8899e+00  -7.7341e+00   7.0069e-01
   3.8905e+00  -7.7354e+00   6.6034e-01
   3.8911e+00  -7.7366e+00   6.2000e-01
   3.8905e+00  -7.7354e+00   5.7966e-01
   3.8899e+00  -7.7341e+00   5.3931e-01
   3.8892e+00  -7.7329e+00   4.9897e-01
   3.8886e+00  -7.7317e+00   4.5862e-01
   3.8880e+00  -7.7304e+00   4.1828e-01
   3.8874e+00  -7.7292e+00   3.7793e-01
   3.8868e+00  -7.7280e+00   3.3759e-01
   3.8861e+00  -7.7267e+00   2.9724e-01
   3.8855e+00  -7.7255e+00   2.5690e-01
   3.8849e+00  -7.7243e+00   2.1655e-01
   3.8843e+00  -7.7230e+00   1.7621e-01
   3.8837e+00  -7.7218e+00   1.3586e-01
   3.8830e+00  -7.7206e+00   9.5517e-02
   3.8824e+00  -7.7193e+00   5.5172e-02
   3.8818e+00  -7.7181e+00   1.4828e-02
   3.8812e+00  -7.7169e+00  -2.5517e-02
   3.8806e+00  -7.7156e+00  -6.5862e-02
   3.8799e+00  -7.7144e+00  -1.0621e-01
   3.8793e+00  -7.7132e+00  -1.4655e-01
   3.8787e+00  -7.7120e+00  -1.8690e-01
   3.8781e+00  -7.7107e+00  -2.2724e-01
   3.8775e+00  -7.7095e+00  -2.6759e-01
   3.8768e+00  -7.7083e+00  -3.0793e-01
   3.8762e+00  -7.7070e+00  -3.4828e-01
   3.8756e+00  -7.7058e+00  -3.8862e-01
   3.8750e+00  -7.7046e+00  -4.2897e-01
   3.8744e+00  -7.7033e+00  -4.6931e-01
   3.8737e+00  -7.7021e+00  -5.0966e-01
   3.8731e+00  -7.7009e+00  -5.5000e-01
   7.9170e+00  -3.4096e+00  -5.5000e-01
   7.9328e+00  -3.3727e+00  -5.5000e-01
   7.9484e+00  -3.3358e+00  -5.5000e-01
   7.9638e+00  -3.2987e+00  -5.5000e-01
   7.9791e+00  -3.2616e+00  -5.5000e-01
   7.9942e+00  -3.2245e+00  -5.5000e-01
   8.0091e+00  -3.1872e+00  -5.5000e-01
   8.0239e+00  -3.1499e+00  -5.5000e-01
   8.0384e+00  -3.1125e+00  -5.5000e-01
   8.0528e+00  -3.0751e+00  -5.5000e-01
   8.0671e+00  -3.0376e+00  -5.5000e-01
   8.0811e+00  -3.0000e+00  -5.5000e-01
   8.0950e+00  -2.9623e+00  -5.5000e-01
   8.1087e+00  -2.9246e+00  -5.5000e-01
   8.1222e+00  -2.8869e+00  -5.5000e-01
   8.1356e+00  -2.8490e+00  -5.5000e-01
   8.1487e+00  -2.8111e+00  -5.5000e-01
   8.1617e+00  -2.7732e+00  -5.5000e-01
   8.1746e+00  -2.7352e+00  -5.5000e-01
   8.1872e+00  -2.6971e+00  -5.5000e-01
   8.1997e+00  -2.6590e+00  -5.5000e-01
   8.2119e+00  -2.6208e+00  -5.5000e-01
   8.2241e+00  -2.5825e+00  -5.5000e-01
   8.2360e+00  -2.5442e+00  -5.5000e-01
   8.2477e+00  -2.5059e+00  -5.5000e-01
   8.2593e+00  -2.4674e+00  -5.5000e-01
   8.2707e+00  -2.4290e+00  -5.5000e-01
   8.2819e+00  -2.3905e+00  -5.5000e-01
   8.2930e+00  -2.3519e+00  -5.5000e-01
   8.3038e+00  -2.3133e+00  -5.5000e-01
   8.3145e+00  -2.2746e+00  -5.5000e-01
   8.3250e+00  -2.2359e+00  -5.5000e-01
   8.3353e+00  -2.1971e+00  -5.5000e-01
   8.3454e+00  -2.1583e+00  -5.5000e-01
   8.3554e+00  -2.1194e+00  -5.5000e-01
   8.3652e+00  -2.0805e+00  -5.5000e-01
   8.3748e+00  -2.0415e+00  -5.5000e-01
   8.3842e+00  -2.0025e+00  -5.5000e-01
   8.3934e+00  -1.9635e+00  -5.5000e-01
   8.4024e+00  -1.9244e+00  -5.5000e-01
   8.4113e+00  -1.8853e+00  -5.5000e-01
   8.4200e+00  -1.8461e+00  -5.5000e-01
   8.4285e+00  -1.8069e+00  -5.5000e-01
   8.4368e+00  -1.7677e+00  -5.5000e-01
   8.4449e+00  -1.7284e+00  -5.5000e-01
   8.4529e+00  -1.6891e+00  -5.5000e-01
   8.4607e+00  -1.6497e+00  -5.5000e-01
   8.4683e+00  -1.6103e+00  -5.5000e-01
   8.4757e+00  -1.5709e+00  -5.5000e-01
   8.4829e+00  -1.5314e+00  -5.5000e-01
   8.4899e+00  -1.4919e+00  -5.5000e-01
   8.4968e+00  -1.4524e+00  -5.5000e-01
   8.5034e+00  -1.4128e+00  -5.5000e-01
   8.5099e+00  -1.3732e+00  -5.5000e-01
   8.5162e+00  -1.3336e+00  -5.5000e-01
   8.5223e+00  -1.2940e+00  -5.5000e-01
   8.5283e+00  -1.2543e+00  -5.5000e-01
   8.5340e+00  -1.2146e+00  -5.5000e-01
   8.5396e+00  -1.1748e+00  -5.5000e-01
   8.5449e+00  -1.1351e+00  -5.5000e-01
   8.5501e+00  -1.0953e+00  -5.5000e-01
   8.5551e+00  -1.0555e+00  -5.5000e-01
   8.5600e+00  -1.0157e+00  -5.5000e-01
   8.5646e+00  -9.7581e-01  -5.5000e-01
   8.5690e+00  -9.3594e-01  -5.5000e-01
   8.5733e+00  -8.9605e-01  -5.5000e-01
   8.5774e+00  -8.5614e-01  -5.5000e-01
   8.5813e+00  -8.1621e-01  -5.5000e-01
   8.5850e+00  -7.7626e-01  -5.5000e-01
   8.5885e+00  -7.3629e-01  -5.5000e-01
   8.5918e+00  -6.9631e-01  -5.5000e-01
   8.5950e+00  -6.5632e-01  -5.5000e-01
   8.5979e+00  -6.1631e-01  -5.5000e-01
   8.6007e+00  -5.7628e-01  -5.5000e-01
   8.6033e+00  -5.3625e-01  -5.5000e-01
   8.6057e+00  -4.9620e-01  -5.5000e-01
   8.6071e+00  -4.9628e-01  -5.0966e-01
   8.6085e+00  -4.9636e-01  -4.6931e-01
   8.6098e+00  -4.9644e-01  -4.2897e-01
   8.6112e+00  -4.9652e-01  -3.8862e-01
   8.6126e+00  -4.9660e-01  -3.4828e-01
   8.6140e+00  -4.9668e-01  -3.0793e-01
   8.6153e+00  -4.9676e-01  -2.6759e-01
   8.6167e+00  -4.9684e-01  -2.2724e-01
   8.6181e+00  -4.9692e-01  -1.8690e-01
   8.6195e+00  -4.9700e-01  -1.4655e-01
   8.6209e+00  -4.9708e-01  -1.0621e-01
   8.6222e+00  -4.9715e-01  -6.5862e-02
   8.6236e+00  -4.9723e-01  -2.5517e-02
   8.6250e+00  -4.9731e-01   1.4828e-02
   8.6264e+00  -4.9739e-01   5.5172e-02
   8.6277e+00  -4.9747e-01   9.5517e-02
   8.6291e+00  -4.9755e-01   1.3586e-01
   8.6305e+00  -4.9763e-01   1.7621e-01
   8.6319e+00  -4.9771e-01   2.1655e-01
   8.6332e+00  -4.9779e-01   2.5690e-01
   8.6346e+00  -4.9787e-01   2.9724e-01
   8.6360e+00  -4.9795e-01   3.3759e-01
   8.6374e+00  -4.9803e-01   3.7793e-01
   8.6388e+00  -4.9811e-01   4.1828e-01
   8.6401e+00  -4.9819e-01   4.5862e-01
   8.6415e+00  -4.9827e-01   4.9897e-01
   8.6429e+00  -4.9835e-01   5.3931e-01
   8.6443e+00  -4.9843e-01   5.7966e-01
   8.6456e+00  -4.9850e-01   6.2000e-01
   8.6443e+00  -4.9843e-01   6.6034e-01
   8.6429e+00  -4.9835e-01   7.0069e-01
   8.6415e+00  -4.9827e-01   7.4103e-01
   8.6401e+00  -4.9819e-01   7.8138e-01
   8.6388e+00  -4.9811e-01   8.2172e-01
   8.6374e+00  -4.9803e-01   8.6207e-01
   8.6360e+00  -4.9795e-01   9.0241e-01
   8.6346e+00  -4.9787e-01   9.4276e-01
   8.6332e+00  -4.9779e-01   9.8310e-01
   8.6319e+00  -4.9771e-01   1.0234e+00
   8.6305e+00  -4.9763e-01   1.0638e+00
   8.6291e+00  -4.9755e-01   1.1041e+00
   8.6277e+00  -4.9747e-01   1.1445e+00
   8.6264e+00  -4.9739e-01   1.1848e+00
   8.6250e+00  -4.9731e-01   1.2252e+00
   8.6236e+00  -4.9723e-01   1.2655e+00
   8.6222e+00  -4.9715e-01   1.3059e+00
   8.6209e+00  -4.9708e-01   1.3462e+00
   8.6195e+00  -4.9700e-01   1.3866e+00
   8.6181e+00  -4.9692e-01   1.4269e+00
   8.6167e+00  -4.9684e-01   1.4672e+00
   8.6153e+00  -4.9676e-01   1.5076e+00
   8.6140e+00  -4.9668e-01   1.5479e+00
   8.6126e+00  -4.9660e-01   1.5883e+00
   8.6112e+00  -4.9652e-01   1.6286e+00
   8.6098e+00  -4.9644e-01   1.6690e+00
   8.6085e+00  -4.9636e-01   1.7093e+00
   8.6071e+00  -4.9628e-01   1.7497e+00
   8.6057e+00  -4.9620e-01   1.7900e+00
   8.6033e+00  -5.3625e-01   1.7900e+00
   8.6007e+00  -5.7628e-01   1.7900e+00
   8.5979e+00  -6.1631e-01   1.7900e+00
   8.5950e+00  -6.5632e-01   1.7900e+00
   8.5918e+00  -6.9631e-01   1.7900e+00
   8.5885e+00  -7.3629e-01   1.7900e+00
   8.5850e+00  -7.7626e-01   1.7900e+00
   8.5813e+00  -8.1621e-01   1.7900e+00
   8.5774e+00  -8.5614e-01   1.7900e+00
   8.5733e+00  -8.9605e-01   1.7900e+00
   8.5690e+00  -9.3594e-01   1.7900e+00
   8.5646e+00  -9.7581e-01   1.7900e+00
   8.5600e+00  -1.0157e+00   1.7900e+00
   8.5551e+00  -1.0555e+00   1.7900e+00
   8.5501e+00  -1.0953e+00   1.7900e+00
   8.5449e+00  -1.1351e+00   1.7900e+00
   8.5396e+00  -1.1748e+00   1.7900e+00
   8.5340e+00  -1.2146e+00   1.7900e+00
   8.5283e+00  -1.2543e+00   1.7900e+00
   8.5223e+00  -1.2940e+00   1.7900e+00
   8.5162e+00  -1.3336e+00   1.7900e+00
   8.5099e+00  -1.3732e+00   1.7900e+00
   8.5034e+00  -1.4128e+00   1.7900e+00
   8.4968e+00  -1.4524e+00   1.7900e+00
   8.4899e+00  -1.4919e+00   1.7900e+00
   8.4829e+00  -1.5314e+00   1.7900e+00
   8.4757e+00  -1.5709e+00   1.7900e+00
   8.4683e+00  -1.6103e+00   1.7900e+00
   8.4607e+00  -1.6497e+00   1.7900e+00
   8.4529e+00  -1.6891e+00   1.7900e+00
   8.4449e+00  -1.7284e+00   1.7900e+00
   8.4368e+00  -1.7677e+00   1.7900e+00
   8.4285e+00  -1.8069e+00   1.7900e+00
   8.4200e+00  -1.8461e+00   1.7900e+00
   8.4113e+00  -1.8853e+00   1.7900e+00
   8.4024e+00  -1.9244e+00   1.7900e+00
   8.3934e+00  -1.9635e+00   1.7900e+00
   8.3842e+00  -2.0025e+00   1.7900e+00
   8.3748e+00  -2.0415e+00   1.7900e+00
   8.3652e+00  -2.0805e+00   1.7900e+00
   8.3554e+00  -2.1194e+00   1.7900e+00
   8.3454e+00  -2.1583e+00   1.7900e+00
   8.3353e+00  -2.1971e+00   1.7900e+00
   8.3250e+00  -2.2359e+00   1.7900e+00
   8.3145e+00  -2.2746e+00   1.7900e+00
   8.3038e+00  -2.3133e+00   1.7900e+00
   8.2930e+00  -2.3519e+00   1.7900e+00
   8.2819e+00  -2.3905e+00   1.7900e+00
   8.2707e+00  -2.4290e+00   1.7900e+00
   8.2593e+00  -2.4674e+00   1.7900e+00
   8.2477e+00  -2.5059e+00   1.7900e+00
   8.2360e+00  -2.5442e+00   1.7900e+00
   8.2241e+00  -2.5825e+00   1.7900e+00
   8.2119e+00  -2.6208e+00   1.7900e+00
   8.1997e+00  -2.6590e+00   1.7900e+00
   8.1872e+00  -2.6971e+00   1.7900e+00
   8.1746e+00  -2.7352e+00   1.7900e+00
   8.1617e+00  -2.7732e+00   1.7900e+00
   8.1487e+00  -2.8111e+00   1.7900e+00
   8.1356e+00  -2.8490e+00   1.7900e+00
   8.1222e+00  -2.8869e+00   1.7900e+00
   8.1087e+00  -2.9246e+00   1.7900e+00
   8.0950e+00  -2.9623e+00   1.7900e+00
   8.0811e+00  -3.0000e+00   1.7900e+00
   8.0671e+00  -3.0376e+00   1.7900e+00
   8.0528e+00  -3.0751e+00   1.7900e+00
   8.0384e+00  -3.1125e+00   1.7900e+00
   8.0239e+00  -3.1499e+00   1.7900e+00
   8.0091e+00  -3.1872e+00   1.7900e+00
   7.9942e+00  -3.2245e+00   1.7900e+00
   7.9791e+00  -3.2616e+00   1.7900e+00
   7.9638e+00  -3.2987e+00   1.7900e+00
   7.9484e+00  -3.3358e+00   1.7900e+00
   7.9328e+00  -3.3727e+00   1.7900e+00
   7.9170e+00  -3.4096e+00   1.7900e+00
   7.9183e+00  -3.4101e+00   1.7497e+00
   7.9195e+00  -3.4107e+00   1.7093e+00
   7.9208e+00  -3.4112e+00   1.6690e+00
   7.9221e+00  -3.4118e+00   1.6286e+00
   7.9233e+00  -3.4123e+00   1.5883e+00
   7.9246e+00  -3.4129e+00   1.5479e+00
   7.9259e+00  -3.4134e+00   1.5076e+00
   7.9271e+00  -3.4140e+00   1.4672e+00
   7.9284e+00  -3.4145e+00   1.4269e+00
   7.9297e+00  -3.4151e+00   1.3866e+00
   7.9309e+00  -3.4156e+00   1.3462e+00
   7.9322e+00  -3.4161e+00   1.3059e+00
   7.9335e+00  -3.4167e+00   1.2655e+00
   7.9347e+00  -3.4172e+00   1.2252e+00
   7.9360e+00  -3.4178e+00   1.1848e+00
   7.9373e+00  -3.4183e+00   1.1445e+00
   7.9385e+00  -3.4189e+00   1.1041e+00
   7.9398e+00  -3.4194e+00   1.0638e+00
   7.9411e+00  -3.4200e+00   1.0234e+00
   7.9423e+00  -3.4205e+00   9.8310e-01
   7.9436e+00  -3.4211e+00   9.4276e-01
   7.9449e+00  -3.4216e+00   9.0241e-01
   7.9461e+00  -3.4222e+00   8.6207e-01
   7.9474e+00  -3.4227e+00   8.2172e-01
   7.9487e+00  -3.4232e+00   7.8138e-01
   7.9499e+00  -3.4238e+00   7.4103e-01
   7.9512e+00  -3.4243e+00   7.0069e-01
   7.9525e+00  -3.4249e+00   6.6034e-01
   7.9537e+00  -3.4254e+00   6.2000e-01
   7.9525e+00  -3.4249e+00   5.7966e-01
   7.9512e+00  -3.4243e+00   5.3931e-01
   7.9499e+00  -3.4238e+00   4.9897e-01
   7.9487e+00  -3.4232e+00   4.5862e-01
   7.9474e+00  -3.4227e+00   4.1828e-01
   7.9461e+00  -3.4222e+00   3.7793e-01
   7.9449e+00  -3.4216e+00   3.3759e-01
   7.9436e+00  -3.4211e+00   2.9724e-01
   7.9423e+00  -3.4205e+00   2.5690e-01
   7.9411e+00  -3.4200e+00   2.1655e-01
   7.9398e+00  -3.4194e+00   1.7621e-01
   7.9385e+00  -3.4189e+00   1.3586e-01
   7.9373e+00  -3.4183e+00   9.5517e-02
   7.9360e+00  -3.4178e+00   5.5172e-02
   7.9347e+00  -3.4172e+00   1.4828e-02
   7.9335e+00  -3.4167e+00  -2.5517e-02
   7.9322e+00  -3.4161e+00  -6.5862e-02
   7.9309e+00  -3.4156e+00  -1.0621e-01
   7.9297e+00  -3.4151e+00  -1.4655e-01
   7.9284e+00  -3.4145e+00  -1.8690e-01
   7.9271e+00  -3.4140e+00  -2.2724e-01
   7.9259e+00  -3.4134e+00  -2.6759e-01
   7.9246e+00  -3.4129e+00  -3.0793e-01
   7.9233e+00  -3.4123e+00  -3.4828e-01
   7.9221e+00  -3.4118e+00  -3.8862e-01
   7.9208e+00  -3.4112e+00  -4.2897e-01
   7.9195e+00  -3.4107e+00  -4.6931e-01
   7.9183e+00  -3.4101e+00  -5.0966e-01
   7.9170e+00  -3.4096e+00  -5.5000e-01
