  100    1  235    1.00
   7.9499e+00   2.2421e+00   2.6300e+00
   7.9389e+00   2.2808e+00   2.6300e+00
   7.9276e+00   2.3195e+00   2.6300e+00
   7.9162e+00   2.3582e+00   2.6300e+00
   7.9046e+00   2.3967e+00   2.6300e+00
   7.8929e+00   2.4353e+00   2.6300e+00
   7.8809e+00   2.4737e+00   2.6300e+00
   7.8687e+00   2.5121e+00   2.6300e+00
   7.8564e+00   2.5505e+00   2.6300e+00
   7.8439e+00   2.5887e+00   2.6300e+00
   7.8311e+00   2.6270e+00   2.6300e+00
   7.8182e+00   2.6651e+00   2.6300e+00
   7.8051e+00   2.7032e+00   2.6300e+00
   7.7919e+00   2.7413e+00   2.6300e+00
   7.7784e+00   2.7792e+00   2.6300e+00
   7.7648e+00   2.8171e+00   2.6300e+00
   7.7509e+00   2.8549e+00   2.6300e+00
   7.7369e+00   2.8927e+00   2.6300e+00
   7.7227e+00   2.9304e+00   2.6300e+00
   7.7083e+00   2.9680e+00   2.6300e+00
   7.6938e+00   3.0056e+00   2.6300e+00
   7.6790e+00   3.0431e+00   2.6300e+00
   7.6641e+00   3.0805e+00   2.6300e+00
   7.6490e+00   3.1178e+00   2.6300e+00
   7.6337e+00   3.1551e+00   2.6300e+00
   7.6182e+00   3.1923e+00   2.6300e+00
   7.6025e+00   3.2294e+00   2.6300e+00
   7.5867e+00   3.2664e+00   2.6300e+00
   7.5707e+00   3.3034e+00   2.6300e+00
   7.5545e+00   3.3403e+00   2.6300e+00
   7.5381e+00   3.3771e+00   2.6300e+00
   7.5215e+00   3.4138e+00   2.6300e+00
   7.5048e+00   3.4504e+00   2.6300e+00
   7.4879e+00   3.4870e+00   2.6300e+00
   7.4708e+00   3.5235e+00   2.6300e+00
   7.4535e+00   3.5598e+00   2.6300e+00
   7.4361e+00   3.5962e+00   2.6300e+00
   7.4185e+00   3.6324e+00   2.6300e+00
   7.4007e+00   3.6685e+00   2.6300e+00
   7.3827e+00   3.7046e+00   2.6300e+00
   7.3645e+00   3.7405e+00   2.6300e+00
   7.3462e+00   3.7764e+00   2.6300e+00
   7.3277e+00   3.8122e+00   2.6300e+00
   7.3090e+00   3.8479e+00   2.6300e+00
   7.2902e+00   3.8834e+00   2.6300e+00
   7.2711e+00   3.9190e+00   2.6300e+00
   7.2519e+00   3.9544e+00   2.6300e+00
   7.2326e+00   3.9897e+00   2.6300e+00
   7.2130e+00   4.0249e+00   2.6300e+00
   7.1933e+00   4.0600e+00   2.6300e+00
   7.1734e+00   4.0951e+00   2.6300e+00
   7.1534e+00   4.1300e+00   2.6300e+00
   7.1331e+00   4.1648e+00   2.6300e+00
   7.1127e+00   4.1996e+00   2.6300e+00
   7.0922e+00   4.2342e+00   2.6300e+00
   7.0715e+00   4.2687e+00   2.6300e+00
   7.0506e+00   4.3032e+00   2.6300e+00
   7.0295e+00   4.3375e+00   2.6300e+00
   7.0082e+00   4.3717e+00   2.6300e+00
   6.9868e+00   4.4059e+00   2.6300e+00
   6.9653e+00   4.4399e+00   2.6300e+00
   6.9435e+00   4.4738e+00   2.6300e+00
   6.9216e+00   4.5076e+00   2.6300e+00
   6.8996e+00   4.5413e+00   2.6300e+00
   6.8773e+00   4.5749e+00   2.6300e+00
   6.8550e+00   4.6084e+00   2.6300e+00
   6.8324e+00   4.6418e+00   2.6300e+00
   6.8097e+00   4.6750e+00   2.6300e+00
   6.7868e+00   4.7082e+00   2.6300e+00
   6.7638e+00   4.7412e+00   2.6300e+00
   6.7406e+00   4.7741e+00   2.6300e+00
   6.7172e+00   4.8070e+00   2.6300e+00
   6.6937e+00   4.8397e+00   2.6300e+00
   6.6700e+00   4.8722e+00   2.6300e+00
   6.6462e+00   4.9047e+00   2.6300e+00
   6.6222e+00   4.9371e+00   2.6300e+00
   6.5980e+00   4.9693e+00   2.6300e+00
   6.5737e+00   5.0014e+00   2.6300e+00
   6.5492e+00   5.0334e+00   2.6300e+00
   6.5246e+00   5.0653e+00   2.6300e+00
   6.4998e+00   5.0971e+00   2.6300e+00
   6.4749e+00   5.1287e+00   2.6300e+00
   6.4498e+00   5.1602e+00   2.6300e+00
   6.4246e+00   5.1916e+00   2.6300e+00
   6.3992e+00   5.2229e+00   2.6300e+00
   6.3736e+00   5.2540e+00   2.6300e+00
   6.3479e+00   5.2850e+00   2.6300e+00
   6.3221e+00   5.3159e+00   2.6300e+00
   6.2961e+00   5.3467e+00   2.6300e+00
   6.2699e+00   5.3773e+00   2.6300e+00
   6.2436e+00   5.4078e+00   2.6300e+00
   6.2172e+00   5.4382e+00   2.6300e+00
   6.1906e+00   5.4685e+00   2.6300e+00
   6.1638e+00   5.4986e+00   2.6300e+00
   6.1370e+00   5.5286e+00   2.6300e+00
   6.1099e+00   5.5585e+00   2.6300e+00
   6.0827e+00   5.5882e+00   2.6300e+00
   6.0554e+00   5.6178e+00   2.6300e+00
   6.0280e+00   5.6472e+00   2.6300e+00
   6.0003e+00   5.6766e+00   2.6300e+00
   5.9726e+00   5.7058e+00   2.6300e+00
   5.9447e+00   5.7348e+00   2.6300e+00
   5.9167e+00   5.7637e+00   2.6300e+00
   5.8960e+00   5.7436e+00   2.6717e+00
   5.8753e+00   5.7234e+00   2.7133e+00
   5.8546e+00   5.7033e+00   2.7550e+00
   5.8339e+00   5.6831e+00   2.7967e+00
   5.8132e+00   5.6630e+00   2.8383e+00
   5.7925e+00   5.6428e+00   2.8800e+00
   5.7718e+00   5.6226e+00   2.9217e+00
   5.7511e+00   5.6025e+00   2.9633e+00
   5.7304e+00   5.5823e+00   3.0050e+00
   5.7097e+00   5.5622e+00   3.0467e+00
   5.6890e+00   5.5420e+00   3.0883e+00
   5.6683e+00   5.5218e+00   3.1300e+00
   5.6476e+00   5.5017e+00   3.1717e+00
   5.6269e+00   5.4815e+00   3.2133e+00
   5.6063e+00   5.4614e+00   3.2550e+00
   5.5856e+00   5.4412e+00   3.2967e+00
   5.5649e+00   5.4211e+00   3.3383e+00
   5.5442e+00   5.4009e+00   3.3800e+00
   5.5721e+00   5.3721e+00   3.3800e+00
   5.5998e+00   5.3432e+00   3.3800e+00
   5.6275e+00   5.3141e+00   3.3800e+00
   5.6549e+00   5.2848e+00   3.3800e+00
   5.6822e+00   5.2555e+00   3.3800e+00
   5.7094e+00   5.2260e+00   3.3800e+00
   5.7364e+00   5.1963e+00   3.3800e+00
   5.7632e+00   5.1665e+00   3.3800e+00
   5.7899e+00   5.1366e+00   3.3800e+00
   5.8165e+00   5.1065e+00   3.3800e+00
   5.8428e+00   5.0763e+00   3.3800e+00
   5.8691e+00   5.0460e+00   3.3800e+00
   5.8951e+00   5.0155e+00   3.3800e+00
   5.9210e+00   4.9849e+00   3.3800e+00
   5.9468e+00   4.9541e+00   3.3800e+00
   5.9724e+00   4.9232e+00   3.3800e+00
   5.9978e+00   4.8922e+00   3.3800e+00
   6.0231e+00   4.8611e+00   3.3800e+00
   6.0482e+00   4.8298e+00   3.3800e+00
   6.0731e+00   4.7984e+00   3.3800e+00
   6.0979e+00   4.7669e+00   3.3800e+00
   6.1225e+00   4.7352e+00   3.3800e+00
   6.1470e+00   4.7034e+00   3.3800e+00
   6.1713e+00   4.6715e+00   3.3800e+00
   6.1954e+00   4.6395e+00   3.3800e+00
   6.2193e+00   4.6073e+00   3.3800e+00
   6.2431e+00   4.5750e+00   3.3800e+00
   6.2668e+00   4.5426e+00   3.3800e+00
   6.2902e+00   4.5101e+00   3.3800e+00
   6.3135e+00   4.4774e+00   3.3800e+00
   6.3366e+00   4.4447e+00   3.3800e+00
   6.3595e+00   4.4118e+00   3.3800e+00
   6.3823e+00   4.3788e+00   3.3800e+00
   6.4049e+00   4.3456e+00   3.3800e+00
   6.4274e+00   4.3124e+00   3.3800e+00
   6.4496e+00   4.2790e+00   3.3800e+00
   6.4717e+00   4.2456e+00   3.3800e+00
   6.4936e+00   4.2120e+00   3.3800e+00
   6.5153e+00   4.1783e+00   3.3800e+00
   6.5369e+00   4.1444e+00   3.3800e+00
   6.5583e+00   4.1105e+00   3.3800e+00
   6.5795e+00   4.0765e+00   3.3800e+00
   6.6005e+00   4.0423e+00   3.3800e+00
   6.6214e+00   4.0081e+00   3.3800e+00
   6.6421e+00   3.9737e+00   3.3800e+00
   6.6626e+00   3.9393e+00   3.3800e+00
   6.6829e+00   3.9047e+00   3.3800e+00
   6.7030e+00   3.8700e+00   3.3800e+00
   6.7230e+00   3.8352e+00   3.3800e+00
   6.7428e+00   3.8003e+00   3.3800e+00
   6.7624e+00   3.7653e+00   3.3800e+00
   6.7818e+00   3.7303e+00   3.3800e+00
   6.8010e+00   3.6951e+00   3.3800e+00
   6.8201e+00   3.6598e+00   3.3800e+00
   6.8390e+00   3.6244e+00   3.3800e+00
   6.8577e+00   3.5889e+00   3.3800e+00
   6.8762e+00   3.5533e+00   3.3800e+00
   6.8945e+00   3.5176e+00   3.3800e+00
   6.9126e+00   3.4819e+00   3.3800e+00
   6.9306e+00   3.4460e+00   3.3800e+00
   6.9483e+00   3.4101e+00   3.3800e+00
   6.9659e+00   3.3740e+00   3.3800e+00
   6.9833e+00   3.3379e+00   3.3800e+00
   7.0005e+00   3.3016e+00   3.3800e+00
   7.0175e+00   3.2653e+00   3.3800e+00
   7.0343e+00   3.2289e+00   3.3800e+00
   7.0510e+00   3.1924e+00   3.3800e+00
   7.0674e+00   3.1559e+00   3.3800e+00
   7.0837e+00   3.1192e+00   3.3800e+00
   7.0997e+00   3.0824e+00   3.3800e+00
   7.1156e+00   3.0456e+00   3.3800e+00
   7.1313e+00   3.0087e+00   3.3800e+00
   7.1468e+00   2.9717e+00   3.3800e+00
   7.1621e+00   2.9346e+00   3.3800e+00
   7.1772e+00   2.8975e+00   3.3800e+00
   7.1921e+00   2.8603e+00   3.3800e+00
   7.2068e+00   2.8230e+00   3.3800e+00
   7.2214e+00   2.7856e+00   3.3800e+00
   7.2357e+00   2.7481e+00   3.3800e+00
   7.2498e+00   2.7106e+00   3.3800e+00
   7.2638e+00   2.6730e+00   3.3800e+00
   7.2775e+00   2.6353e+00   3.3800e+00
   7.2911e+00   2.5976e+00   3.3800e+00
   7.3045e+00   2.5598e+00   3.3800e+00
   7.3176e+00   2.5219e+00   3.3800e+00
   7.3306e+00   2.4839e+00   3.3800e+00
   7.3434e+00   2.4459e+00   3.3800e+00
   7.3559e+00   2.4078e+00   3.3800e+00
   7.3683e+00   2.3697e+00   3.3800e+00
   7.3805e+00   2.3315e+00   3.3800e+00
   7.3925e+00   2.2932e+00   3.3800e+00
   7.4043e+00   2.2549e+00   3.3800e+00
   7.4158e+00   2.2165e+00   3.3800e+00
   7.4272e+00   2.1780e+00   3.3800e+00
   7.4384e+00   2.1395e+00   3.3800e+00
   7.4494e+00   2.1009e+00   3.3800e+00
   7.4772e+00   2.1088e+00   3.3383e+00
   7.5050e+00   2.1166e+00   3.2967e+00
   7.5328e+00   2.1245e+00   3.2550e+00
   7.5606e+00   2.1323e+00   3.2133e+00
   7.5884e+00   2.1402e+00   3.1717e+00
   7.6162e+00   2.1480e+00   3.1300e+00
   7.6440e+00   2.1558e+00   3.0883e+00
   7.6718e+00   2.1637e+00   3.0467e+00
   7.6996e+00   2.1715e+00   3.0050e+00
   7.7274e+00   2.1794e+00   2.9633e+00
   7.7553e+00   2.1872e+00   2.9217e+00
   7.7831e+00   2.1950e+00   2.8800e+00
   7.8109e+00   2.2029e+00   2.8383e+00
   7.8387e+00   2.2107e+00   2.7967e+00
   7.8665e+00   2.2186e+00   2.7550e+00
   7.8943e+00   2.2264e+00   2.7133e+00
   7.9221e+00   2.2343e+00   2.6717e+00
   7.9499e+00   2.2421e+00   2.6300e+00
   4.6488e+00   6.8276e+00   2.6300e+00
   4.6154e+00   6.8502e+00   2.6300e+00
   4.5820e+00   6.8726e+00   2.6300e+00
   4.5484e+00   6.8949e+00   2.6300e+00
   4.5147e+00   6.9170e+00   2.6300e+00
   4.4809e+00   6.9389e+00   2.6300e+00
   4.4470e+00   6.9607e+00   2.6300e+00
   4.4130e+00   6.9823e+00   2.6300e+00
   4.3789e+00   7.0038e+00   2.6300e+00
   4.3447e+00   7.0250e+00   2.6300e+00
   4.3104e+00   7.0461e+00   2.6300e+00
   4.2760e+00   7.0671e+00   2.6300e+00
   4.2415e+00   7.0878e+00   2.6300e+00
   4.2069e+00   7.1084e+00   2.6300e+00
   4.1722e+00   7.1289e+00   2.6300e+00
   4.1373e+00   7.1491e+00   2.6300e+00
   4.1024e+00   7.1692e+00   2.6300e+00
   4.0674e+00   7.1891e+00   2.6300e+00
   4.0323e+00   7.2089e+00   2.6300e+00
   3.9971e+00   7.2285e+00   2.6300e+00
   3.9618e+00   7.2479e+00   2.6300e+00
   3.9264e+00   7.2671e+00   2.6300e+00
   3.8909e+00   7.2862e+00   2.6300e+00
   3.8554e+00   7.3051e+00   2.6300e+00
   3.8197e+00   7.3238e+00   2.6300e+00
   3.7839e+00   7.3423e+00   2.6300e+00
   3.7481e+00   7.3607e+00   2.6300e+00
   3.7121e+00   7.3789e+00   2.6300e+00
   3.6761e+00   7.3969e+00   2.6300e+00
   3.6400e+00   7.4147e+00   2.6300e+00
   3.6038e+00   7.4324e+00   2.6300e+00
   3.5675e+00   7.4499e+00   2.6300e+00
   3.5311e+00   7.4672e+00   2.6300e+00
   3.4947e+00   7.4843e+00   2.6300e+00
   3.4581e+00   7.5013e+00   2.6300e+00
   3.4215e+00   7.5180e+00   2.6300e+00
   3.3848e+00   7.5346e+00   2.6300e+00
   3.3480e+00   7.5511e+00   2.6300e+00
   3.3112e+00   7.5673e+00   2.6300e+00
   3.2742e+00   7.5833e+00   2.6300e+00
   3.2372e+00   7.5992e+00   2.6300e+00
   3.2001e+00   7.6149e+00   2.6300e+00
   3.1629e+00   7.6304e+00   2.6300e+00
   3.1257e+00   7.6458e+00   2.6300e+00
   3.0884e+00   7.6609e+00   2.6300e+00
   3.0510e+00   7.6759e+00   2.6300e+00
   3.0135e+00   7.6907e+00   2.6300e+00
   2.9759e+00   7.7053e+00   2.6300e+00
   2.9383e+00   7.7197e+00   2.6300e+00
   2.9007e+00   7.7339e+00   2.6300e+00
   2.8629e+00   7.7480e+00   2.6300e+00
   2.8251e+00   7.7619e+00   2.6300e+00
   2.7872e+00   7.7755e+00   2.6300e+00
   2.7492e+00   7.7890e+00   2.6300e+00
   2.7112e+00   7.8024e+00   2.6300e+00
   2.6732e+00   7.8155e+00   2.6300e+00
   2.6350e+00   7.8284e+00   2.6300e+00
   2.5968e+00   7.8412e+00   2.6300e+00
   2.5585e+00   7.8538e+00   2.6300e+00
   2.5202e+00   7.8661e+00   2.6300e+00
   2.4818e+00   7.8783e+00   2.6300e+00
   2.4434e+00   7.8903e+00   2.6300e+00
   2.4049e+00   7.9022e+00   2.6300e+00
   2.3663e+00   7.9138e+00   2.6300e+00
   2.3277e+00   7.9252e+00   2.6300e+00
   2.2890e+00   7.9365e+00   2.6300e+00
   2.2503e+00   7.9476e+00   2.6300e+00
   2.2115e+00   7.9585e+00   2.6300e+00
   2.1726e+00   7.9691e+00   2.6300e+00
   2.1337e+00   7.9796e+00   2.6300e+00
   2.0948e+00   7.9900e+00   2.6300e+00
   2.0558e+00   8.0001e+00   2.6300e+00
   2.0168e+00   8.0100e+00   2.6300e+00
   1.9777e+00   8.0197e+00   2.6300e+00
   1.9386e+00   8.0293e+00   2.6300e+00
   1.8994e+00   8.0387e+00   2.6300e+00
   1.8602e+00   8.0478e+00   2.6300e+00
   1.8209e+00   8.0568e+00   2.6300e+00
   1.7816e+00   8.0656e+00   2.6300e+00
   1.7422e+00   8.0742e+00   2.6300e+00
   1.7028e+00   8.0826e+00   2.6300e+00
   1.6634e+00   8.0908e+00   2.6300e+00
   1.6239e+00   8.0988e+00   2.6300e+00
   1.5844e+00   8.1066e+00   2.6300e+00
   1.5449e+00   8.1142e+00   2.6300e+00
   1.5053e+00   8.1217e+00   2.6300e+00
   1.4656e+00   8.1289e+00   2.6300e+00
   1.4260e+00   8.1360e+00   2.6300e+00
   1.3863e+00   8.1428e+00   2.6300e+00
   1.3466e+00   8.1495e+00   2.6300e+00
   1.3068e+00   8.1560e+00   2.6300e+00
   1.2670e+00   8.1622e+00   2.6300e+00
   1.2272e+00   8.1683e+00   2.6300e+00
   1.1873e+00   8.1742e+00   2.6300e+00
   1.1475e+00   8.1799e+00   2.6300e+00
   1.1076e+00   8.1854e+00   2.6300e+00
   1.0676e+00   8.1907e+00   2.6300e+00
   1.0277e+00   8.1958e+00   2.6300e+00
   9.8770e-01   8.2007e+00   2.6300e+00
   9.4770e-01   8.2055e+00   2.6300e+00
   9.0767e-01   8.2100e+00   2.6300e+00
   8.6762e-01   8.2143e+00   2.6300e+00
   8.2755e-01   8.2184e+00   2.6300e+00
   8.2466e-01   8.1897e+00   2.6717e+00
   8.2176e-01   8.1610e+00   2.7133e+00
   8.1887e-01   8.1322e+00   2.7550e+00
   8.1598e-01   8.1035e+00   2.7967e+00
   8.1308e-01   8.0747e+00   2.8383e+00
   8.1019e-01   8.0460e+00   2.8800e+00
   8.0729e-01   8.0172e+00   2.9217e+00
   8.0440e-01   7.9885e+00   2.9633e+00
   8.0150e-01   7.9597e+00   3.0050e+00
   7.9861e-01   7.9310e+00   3.0467e+00
   7.9572e-01   7.9023e+00   3.0883e+00
   7.9282e-01   7.8735e+00   3.1300e+00
   7.8993e-01   7.8448e+00   3.1717e+00
   7.8703e-01   7.8160e+00   3.2133e+00
   7.8414e-01   7.7873e+00   3.2550e+00
   7.8124e-01   7.7585e+00   3.2967e+00
   7.7835e-01   7.7298e+00   3.3383e+00
   7.7546e-01   7.7011e+00   3.3800e+00
   8.1535e-01   7.6969e+00   3.3800e+00
   8.5522e-01   7.6926e+00   3.3800e+00
   8.9506e-01   7.6881e+00   3.3800e+00
   9.3489e-01   7.6833e+00   3.3800e+00
   9.7469e-01   7.6784e+00   3.3800e+00
   1.0145e+00   7.6732e+00   3.3800e+00
   1.0542e+00   7.6679e+00   3.3800e+00
   1.0939e+00   7.6623e+00   3.3800e+00
   1.1336e+00   7.6565e+00   3.3800e+00
   1.1733e+00   7.6506e+00   3.3800e+00
   1.2129e+00   7.6444e+00   3.3800e+00
   1.2525e+00   7.6380e+00   3.3800e+00
   1.2920e+00   7.6314e+00   3.3800e+00
   1.3316e+00   7.6246e+00   3.3800e+00
   1.3711e+00   7.6176e+00   3.3800e+00
   1.4105e+00   7.6104e+00   3.3800e+00
   1.4499e+00   7.6030e+00   3.3800e+00
   1.4893e+00   7.5954e+00   3.3800e+00
   1.5286e+00   7.5875e+00   3.3800e+00
   1.5679e+00   7.5795e+00   3.3800e+00
   1.6072e+00   7.5713e+00   3.3800e+00
   1.6464e+00   7.5629e+00   3.3800e+00
   1.6855e+00   7.5542e+00   3.3800e+00
   1.7247e+00   7.5454e+00   3.3800e+00
   1.7637e+00   7.5364e+00   3.3800e+00
   1.8028e+00   7.5271e+00   3.3800e+00
   1.8417e+00   7.5177e+00   3.3800e+00
   1.8807e+00   7.5080e+00   3.3800e+00
   1.9195e+00   7.4982e+00   3.3800e+00
   1.9584e+00   7.4882e+00   3.3800e+00
   1.9971e+00   7.4779e+00   3.3800e+00
   2.0359e+00   7.4675e+00   3.3800e+00
   2.0745e+00   7.4568e+00   3.3800e+00
   2.1131e+00   7.4460e+00   3.3800e+00
   2.1517e+00   7.4349e+00   3.3800e+00
   2.1902e+00   7.4237e+00   3.3800e+00
   2.2286e+00   7.4122e+00   3.3800e+00
   2.2670e+00   7.4006e+00   3.3800e+00
   2.3053e+00   7.3887e+00   3.3800e+00
   2.3436e+00   7.3767e+00   3.3800e+00
   2.3818e+00   7.3644e+00   3.3800e+00
   2.4199e+00   7.3520e+00   3.3800e+00
   2.4579e+00   7.3394e+00   3.3800e+00
   2.4959e+00   7.3265e+00   3.3800e+00
   2.5339e+00   7.3135e+00   3.3800e+00
   2.5717e+00   7.3003e+00   3.3800e+00
   2.6095e+00   7.2868e+00   3.3800e+00
   2.6472e+00   7.2732e+00   3.3800e+00
   2.6849e+00   7.2594e+00   3.3800e+00
   2.7225e+00   7.2454e+00   3.3800e+00
   2.7600e+00   7.2312e+00   3.3800e+00
   2.7974e+00   7.2168e+00   3.3800e+00
   2.8348e+00   7.2022e+00   3.3800e+00
   2.8720e+00   7.1874e+00   3.3800e+00
   2.9092e+00   7.1724e+00   3.3800e+00
   2.9464e+00   7.1573e+00   3.3800e+00
   2.9834e+00   7.1419e+00   3.3800e+00
   3.0204e+00   7.1264e+00   3.3800e+00
   3.0573e+00   7.1106e+00   3.3800e+00
   3.0941e+00   7.0947e+00   3.3800e+00
   3.1308e+00   7.0785e+00   3.3800e+00
   3.1674e+00   7.0622e+00   3.3800e+00
   3.2040e+00   7.0457e+00   3.3800e+00
   3.2404e+00   7.0290e+00   3.3800e+00
   3.2768e+00   7.0121e+00   3.3800e+00
   3.3131e+00   6.9951e+00   3.3800e+00
   3.3493e+00   6.9778e+00   3.3800e+00
   3.3854e+00   6.9604e+00   3.3800e+00
   3.4214e+00   6.9427e+00   3.3800e+00
   3.4573e+00   6.9249e+00   3.3800e+00
   3.4932e+00   6.9069e+00   3.3800e+00
   3.5289e+00   6.8887e+00   3.3800e+00
   3.5646e+00   6.8703e+00   3.3800e+00
   3.6001e+00   6.8518e+00   3.3800e+00
   3.6356e+00   6.8330e+00   3.3800e+00
   3.6709e+00   6.8141e+00   3.3800e+00
   3.7062e+00   6.7950e+00   3.3800e+00
   3.7413e+00   6.7757e+00   3.3800e+00
   3.7764e+00   6.7562e+00   3.3800e+00
   3.8114e+00   6.7366e+00   3.3800e+00
   3.8462e+00   6.7167e+00   3.3800e+00
   3.8810e+00   6.6967e+00   3.3800e+00
   3.9156e+00   6.6765e+00   3.3800e+00
   3.9502e+00   6.6561e+00   3.3800e+00
   3.9846e+00   6.6356e+00   3.3800e+00
   4.0189e+00   6.6148e+00   3.3800e+00
   4.0531e+00   6.5939e+00   3.3800e+00
   4.0872e+00   6.5728e+00   3.3800e+00
   4.1212e+00   6.5516e+00   3.3800e+00
   4.1551e+00   6.5301e+00   3.3800e+00
   4.1889e+00   6.5085e+00   3.3800e+00
   4.2226e+00   6.4867e+00   3.3800e+00
   4.2561e+00   6.4647e+00   3.3800e+00
   4.2896e+00   6.4426e+00   3.3800e+00
   4.3229e+00   6.4203e+00   3.3800e+00
   4.3561e+00   6.3978e+00   3.3800e+00
   4.3724e+00   6.4217e+00   3.3383e+00
   4.3886e+00   6.4456e+00   3.2967e+00
   4.4049e+00   6.4694e+00   3.2550e+00
   4.4211e+00   6.4933e+00   3.2133e+00
   4.4374e+00   6.5172e+00   3.1717e+00
   4.4537e+00   6.5411e+00   3.1300e+00
   4.4699e+00   6.5650e+00   3.0883e+00
   4.4862e+00   6.5888e+00   3.0467e+00
   4.5024e+00   6.6127e+00   3.0050e+00
   4.5187e+00   6.6366e+00   2.9633e+00
   4.5350e+00   6.6605e+00   2.9217e+00
   4.5512e+00   6.6844e+00   2.8800e+00
   4.5675e+00   6.7082e+00   2.8383e+00
   4.5837e+00   6.7321e+00   2.7967e+00
   4.6000e+00   6.7560e+00   2.7550e+00
   4.6163e+00   6.7799e+00   2.7133e+00
   4.6325e+00   6.8038e+00   2.6717e+00
   4.6488e+00   6.8276e+00   2.6300e+00
  -8.2755e-01   8.2184e+00   2.6300e+00
  -8.6762e-01   8.2143e+00   2.6300e+00
  -9.0767e-01   8.2100e+00   2.6300e+00
  -9.4770e-01   8.2055e+00   2.6300e+00
  -9.8770e-01   8.2007e+00   2.6300e+00
  -1.0277e+00   8.1958e+00   2.6300e+00
  -1.0676e+00   8.1907e+00   2.6300e+00
  -1.1076e+00   8.1854e+00   2.6300e+00
  -1.1475e+00   8.1799e+00   2.6300e+00
  -1.1873e+00   8.1742e+00   2.6300e+00
  -1.2272e+00   8.1683e+00   2.6300e+00
  -1.2670e+00   8.1622e+00   2.6300e+00
  -1.3068e+00   8.1560e+00   2.6300e+00
  -1.3466e+00   8.1495e+00   2.6300e+00
  -1.3863e+00   8.1428e+00   2.6300e+00
  -1.4260e+00   8.1360e+00   2.6300e+00
  -1.4656e+00   8.1289e+00   2.6300e+00
  -1.5053e+00   8.1217e+00   2.6300e+00
  -1.5449e+00   8.1142e+00   2.6300e+00
  -1.5844e+00   8.1066e+00   2.6300e+00
  -1.6239e+00   8.0988e+00   2.6300e+00
  -1.6634e+00   8.0908e+00   2.6300e+00
  -1.7028e+00   8.0826e+00   2.6300e+00
  -1.7422e+00   8.0742e+00   2.6300e+00
  -1.7816e+00   8.0656e+00   2.6300e+00
  -1.8209e+00   8.0568e+00   2.6300e+00
  -1.8602e+00   8.0478e+00   2.6300e+00
  -1.8994e+00   8.0387e+00   2.6300e+00
  -1.9386e+00   8.0293e+00   2.6300e+00
  -1.9777e+00   8.0197e+00   2.6300e+00
  -2.0168e+00   8.0100e+00   2.6300e+00
  -2.0558e+00   8.0001e+00   2.6300e+00
  -2.0948e+00   7.9900e+00   2.6300e+00
  -2.1337e+00   7.9796e+00   2.6300e+00
  -2.1726e+00   7.9691e+00   2.6300e+00
  -2.2115e+00   7.9585e+00   2.6300e+00
  -2.2503e+00   7.9476e+00   2.6300e+00
  -2.2890e+00   7.9365e+00   2.6300e+00
  -2.3277e+00   7.9252e+00   2.6300e+00
  -2.3663e+00   7.9138e+00   2.6300e+00
  -2.4049e+00   7.9022e+00   2.6300e+00
  -2.4434e+00   7.8903e+00   2.6300e+00
  -2.4818e+00   7.8783e+00   2.6300e+00
  -2.5202e+00   7.8661e+00   2.6300e+00
  -2.5585e+00   7.8538e+00   2.6300e+00
  -2.5968e+00   7.8412e+00   2.6300e+00
  -2.6350e+00   7.8284e+00   2.6300e+00
  -2.6732e+00   7.8155e+00   2.6300e+00
  -2.7112e+00   7.8024e+00   2.6300e+00
  -2.7492e+00   7.7890e+00   2.6300e+00
  -2.7872e+00   7.7755e+00   2.6300e+00
  -2.8251e+00   7.7619e+00   2.6300e+00
  -2.8629e+00   7.7480e+00   2.6300e+00
  -2.9007e+00   7.7339e+00   2.6300e+00
  -2.9383e+00   7.7197e+00   2.6300e+00
  -2.9759e+00   7.7053e+00   2.6300e+00
  -3.0135e+00   7.6907e+00   2.6300e+00
  -3.0510e+00   7.6759e+00   2.6300e+00
  -3.0884e+00   7.6609e+00   2.6300e+00
  -3.1257e+00   7.6458e+00   2.6300e+00
  -3.1629e+00   7.6304e+00   2.6300e+00
  -3.2001e+00   7.6149e+00   2.6300e+00
  -3.2372e+00   7.5992e+00   2.6300e+00
  -3.2742e+00   7.5833e+00   2.6300e+00
  -3.3112e+00   7.5673e+00   2.6300e+00
  -3.3480e+00   7.5511e+00   2.6300e+00
  -3.3848e+00   7.5346e+00   2.6300e+00
  -3.4215e+00   7.5180e+00   2.6300e+00
  -3.4581e+00   7.5013e+00   2.6300e+00
  -3.4947e+00   7.4843e+00   2.6300e+00
  -3.5311e+00   7.4672e+00   2.6300e+00
  -3.5675e+00   7.4499e+00   2.6300e+00
  -3.6038e+00   7.4324e+00   2.6300e+00
  -3.6400e+00   7.4147e+00   2.6300e+00
  -3.6761e+00   7.3969e+00   2.6300e+00
  -3.7121e+00   7.3789e+00   2.6300e+00
  -3.7481e+00   7.3607e+00   2.6300e+00
  -3.7839e+00   7.3423e+00   2.6300e+00
  -3.8197e+00   7.3238e+00   2.6300e+00
  -3.8554e+00   7.3051e+00   2.6300e+00
  -3.8909e+00   7.2862e+00   2.6300e+00
  -3.9264e+00   7.2671e+00   2.6300e+00
  -3.9618e+00   7.2479e+00   2.6300e+00
  -3.9971e+00   7.2285e+00   2.6300e+00
  -4.0323e+00   7.2089e+00   2.6300e+00
  -4.0674e+00   7.1891e+00   2.6300e+00
  -4.1024e+00   7.1692e+00   2.6300e+00
  -4.1373e+00   7.1491e+00   2.6300e+00
  -4.1722e+00   7.1289e+00   2.6300e+00
  -4.2069e+00   7.1084e+00   2.6300e+00
  -4.2415e+00   7.0878e+00   2.6300e+00
  -4.2760e+00   7.0671e+00   2.6300e+00
  -4.3104e+00   7.0461e+00   2.6300e+00
  -4.3447e+00   7.0250e+00   2.6300e+00
  -4.3789e+00   7.0038e+00   2.6300e+00
  -4.4130e+00   6.9823e+00   2.6300e+00
  -4.4470e+00   6.9607e+00   2.6300e+00
  -4.4809e+00   6.9389e+00   2.6300e+00
  -4.5147e+00   6.9170e+00   2.6300e+00
  -4.5484e+00   6.8949e+00   2.6300e+00
  -4.5820e+00   6.8726e+00   2.6300e+00
  -4.6154e+00   6.8502e+00   2.6300e+00
  -4.6488e+00   6.8276e+00   2.6300e+00
  -4.6325e+00   6.8038e+00   2.6717e+00
  -4.6163e+00   6.7799e+00   2.7133e+00
  -4.6000e+00   6.7560e+00   2.7550e+00
  -4.5837e+00   6.7321e+00   2.7967e+00
  -4.5675e+00   6.7082e+00   2.8383e+00
  -4.5512e+00   6.6844e+00   2.8800e+00
  -4.5350e+00   6.6605e+00   2.9217e+00
  -4.5187e+00   6.6366e+00   2.9633e+00
  -4.5024e+00   6.6127e+00   3.0050e+00
  -4.4862e+00   6.5888e+00   3.0467e+00
  -4.4699e+00   6.5650e+00   3.0883e+00
  -4.4537e+00   6.5411e+00   3.1300e+00
  -4.4374e+00   6.5172e+00   3.1717e+00
  -4.4211e+00   6.4933e+00   3.2133e+00
  -4.4049e+00   6.4694e+00   3.2550e+00
  -4.3886e+00   6.4456e+00   3.2967e+00
  -4.3724e+00   6.4217e+00   3.3383e+00
  -4.3561e+00   6.3978e+00   3.3800e+00
  -4.3229e+00   6.4203e+00   3.3800e+00
  -4.2896e+00   6.4426e+00   3.3800e+00
  -4.2561e+00   6.4647e+00   3.3800e+00
  -4.2226e+00   6.4867e+00   3.3800e+00
  -4.1889e+00   6.5085e+00   3.3800e+00
  -4.1551e+00   6.5301e+00   3.3800e+00
  -4.1212e+00   6.5516e+00   3.3800e+00
  -4.0872e+00   6.5728e+00   3.3800e+00
  -4.0531e+00   6.5939e+00   3.3800e+00
  -4.0189e+00   6.6148e+00   3.3800e+00
  -3.9846e+00   6.6356e+00   3.3800e+00
  -3.9502e+00   6.6561e+00   3.3800e+00
  -3.9156e+00   6.6765e+00   3.3800e+00
  -3.8810e+00   6.6967e+00   3.3800e+00
  -3.8462e+00   6.7167e+00   3.3800e+00
  -3.8114e+00   6.7366e+00   3.3800e+00
  -3.7764e+00   6.7562e+00   3.3800e+00
  -3.7413e+00   6.7757e+00   3.3800e+00
  -3.7062e+00   6.7950e+00   3.3800e+00
  -3.6709e+00   6.8141e+00   3.3800e+00
  -3.6356e+00   6.8330e+00   3.3800e+00
  -3.6001e+00   6.8518e+00   3.3800e+00
  -3.5646e+00   6.8703e+00   3.3800e+00
  -3.5289e+00   6.8887e+00   3.3800e+00
  -3.4932e+00   6.9069e+00   3.3800e+00
  -3.4573e+00   6.9249e+00   3.3800e+00
  -3.4214e+00   6.9427e+00   3.3800e+00
  -3.3854e+00   6.9604e+00   3.3800e+00
  -3.3493e+00   6.9778e+00   3.3800e+00
  -3.3131e+00   6.9951e+00   3.3800e+00
  -3.2768e+00   7.0121e+00   3.3800e+00
  -3.2404e+00   7.0290e+00   3.3800e+00
  -3.2040e+00   7.0457e+00   3.3800e+00
  -3.1674e+00   7.0622e+00   3.3800e+00
  -3.1308e+00   7.0785e+00   3.3800e+00
  -3.0941e+00   7.0947e+00   3.3800e+00
  -3.0573e+00   7.1106e+00   3.3800e+00
  -3.0204e+00   7.1264e+00   3.3800e+00
  -2.9834e+00   7.1419e+00   3.3800e+00
  -2.9464e+00   7.1573e+00   3.3800e+00
  -2.9092e+00   7.1724e+00   3.3800e+00
  -2.8720e+00   7.1874e+00   3.3800e+00
  -2.8348e+00   7.2022e+00   3.3800e+00
  -2.7974e+00   7.2168e+00   3.3800e+00
  -2.7600e+00   7.2312e+00   3.3800e+00
  -2.7225e+00   7.2454e+00   3.3800e+00
  -2.6849e+00   7.2594e+00   3.3800e+00
  -2.6472e+00   7.2732e+00   3.3800e+00
  -2.6095e+00   7.2868e+00   3.3800e+00
  -2.5717e+00   7.3003e+00   3.3800e+00
  -2.5339e+00   7.3135e+00   3.3800e+00
  -2.4959e+00   7.3265e+00   3.3800e+00
  -2.4579e+00   7.3394e+00   3.3800e+00
  -2.4199e+00   7.3520e+00   3.3800e+00
  -2.3818e+00   7.3644e+00   3.3800e+00
  -2.3436e+00   7.3767e+00   3.3800e+00
  -2.3053e+00   7.3887e+00   3.3800e+00
  -2.2670e+00   7.4006e+00   3.3800e+00
  -2.2286e+00   7.4122e+00   3.3800e+00
  -2.1902e+00   7.4237e+00   3.3800e+00
  -2.1517e+00   7.4349e+00   3.3800e+00
  -2.1131e+00   7.4460e+00   3.3800e+00
  -2.0745e+00   7.4568e+00   3.3800e+00
  -2.0359e+00   7.4675e+00   3.3800e+00
  -1.9971e+00   7.4779e+00   3.3800e+00
  -1.9584e+00   7.4882e+00   3.3800e+00
  -1.9195e+00   7.4982e+00   3.3800e+00
  -1.8807e+00   7.5080e+00   3.3800e+00
  -1.8417e+00   7.5177e+00   3.3800e+00
  -1.8028e+00   7.5271e+00   3.3800e+00
  -1.7637e+00   7.5364e+00   3.3800e+00
  -1.7247e+00   7.5454e+00   3.3800e+00
  -1.6855e+00   7.5542e+00   3.3800e+00
  -1.6464e+00   7.5629e+00   3.3800e+00
  -1.6072e+00   7.5713e+00   3.3800e+00
  -1.5679e+00   7.5795e+00   3.3800e+00
  -1.5286e+00   7.5875e+00   3.3800e+00
  -1.4893e+00   7.5954e+00   3.3800e+00
  -1.4499e+00   7.6030e+00   3.3800e+00
  -1.4105e+00   7.6104e+00   3.3800e+00
  -1.3711e+00   7.6176e+00   3.3800e+00
  -1.3316e+00   7.6246e+00   3.3800e+00
  -1.2920e+00   7.6314e+00   3.3800e+00
  -1.2525e+00   7.6380e+00   3.3800e+00
  -1.2129e+00   7.6444e+00   3.3800e+00
  -1.1733e+00   7.6506e+00   3.3800e+00
  -1.1336e+00   7.6565e+00   3.3800e+00
  -1.0939e+00   7.6623e+00   3.3800e+00
  -1.0542e+00   7.6679e+00   3.3800e+00
  -1.0145e+00   7.6732e+00   3.3800e+00
  -9.7469e-01   7.6784e+00   3.3800e+00
  -9.3489e-01   7.6833e+00   3.3800e+00
  -8.9506e-01   7.6881e+00   3.3800e+00
  -8.5522e-01   7.6926e+00   3.3800e+00
  -8.1535e-01   7.6969e+00   3.3800e+00
  -7.7546e-01   7.7011e+00   3.3800e+00
  -7.7835e-01   7.7298e+00   3.3383e+00
  -7.8124e-01   7.7585e+00   3.2967e+00
  -7.8414e-01   7.7873e+00   3.2550e+00
  -7.8703e-01   7.8160e+00   3.2133e+00
  -7.8993e-01   7.8448e+00   3.1717e+00
  -7.9282e-01   7.8735e+00   3.1300e+00
  -7.9572e-01   7.9023e+00   3.0883e+00
  -7.9861e-01   7.9310e+00   3.0467e+00
  -8.0150e-01   7.9597e+00   3.0050e+00
  -8.0440e-01   7.9885e+00   2.9633e+00
  -8.0729e-01   8.0172e+00   2.9217e+00
  -8.1019e-01   8.0460e+00   2.8800e+00
  -8.1308e-01   8.0747e+00   2.8383e+00
  -8.1598e-01   8.1035e+00   2.7967e+00
  -8.1887e-01   8.1322e+00   2.7550e+00
  -8.2176e-01   8.1610e+00   2.7133e+00
  -8.2466e-01   8.1897e+00   2.6717e+00
  -8.2755e-01   8.2184e+00   2.6300e+00
  -5.9167e+00   5.7637e+00   2.6300e+00
  -5.9447e+00   5.7348e+00   2.6300e+00
  -5.9726e+00   5.7058e+00   2.6300e+00
  -6.0003e+00   5.6766e+00   2.6300e+00
  -6.0280e+00   5.6472e+00   2.6300e+00
  -6.0554e+00   5.6178e+00   2.6300e+00
  -6.0827e+00   5.5882e+00   2.6300e+00
  -6.1099e+00   5.5585e+00   2.6300e+00
  -6.1370e+00   5.5286e+00   2.6300e+00
  -6.1638e+00   5.4986e+00   2.6300e+00
  -6.1906e+00   5.4685e+00   2.6300e+00
  -6.2172e+00   5.4382e+00   2.6300e+00
  -6.2436e+00   5.4078e+00   2.6300e+00
  -6.2699e+00   5.3773e+00   2.6300e+00
  -6.2961e+00   5.3467e+00   2.6300e+00
  -6.3221e+00   5.3159e+00   2.6300e+00
  -6.3479e+00   5.2850e+00   2.6300e+00
  -6.3736e+00   5.2540e+00   2.6300e+00
  -6.3992e+00   5.2229e+00   2.6300e+00
  -6.4246e+00   5.1916e+00   2.6300e+00
  -6.4498e+00   5.1602e+00   2.6300e+00
  -6.4749e+00   5.1287e+00   2.6300e+00
  -6.4998e+00   5.0971e+00   2.6300e+00
  -6.5246e+00   5.0653e+00   2.6300e+00
  -6.5492e+00   5.0334e+00   2.6300e+00
  -6.5737e+00   5.0014e+00   2.6300e+00
  -6.5980e+00   4.9693e+00   2.6300e+00
  -6.6222e+00   4.9371e+00   2.6300e+00
  -6.6462e+00   4.9047e+00   2.6300e+00
  -6.6700e+00   4.8722e+00   2.6300e+00
  -6.6937e+00   4.8397e+00   2.6300e+00
  -6.7172e+00   4.8070e+00   2.6300e+00
  -6.7406e+00   4.7741e+00   2.6300e+00
  -6.7638e+00   4.7412e+00   2.6300e+00
  -6.7868e+00   4.7082e+00   2.6300e+00
  -6.8097e+00   4.6750e+00   2.6300e+00
  -6.8324e+00   4.6418e+00   2.6300e+00
  -6.8550e+00   4.6084e+00   2.6300e+00
  -6.8773e+00   4.5749e+00   2.6300e+00
  -6.8996e+00   4.5413e+00   2.6300e+00
  -6.9216e+00   4.5076e+00   2.6300e+00
  -6.9435e+00   4.4738e+00   2.6300e+00
  -6.9653e+00   4.4399e+00   2.6300e+00
  -6.9868e+00   4.4059e+00   2.6300e+00
  -7.0082e+00   4.3717e+00   2.6300e+00
  -7.0295e+00   4.3375e+00   2.6300e+00
  -7.0506e+00   4.3032e+00   2.6300e+00
  -7.0715e+00   4.2687e+00   2.6300e+00
  -7.0922e+00   4.2342e+00   2.6300e+00
  -7.1127e+00   4.1996e+00   2.6300e+00
  -7.1331e+00   4.1648e+00   2.6300e+00
  -7.1534e+00   4.1300e+00   2.6300e+00
  -7.1734e+00   4.0951e+00   2.6300e+00
  -7.1933e+00   4.0600e+00   2.6300e+00
  -7.2130e+00   4.0249e+00   2.6300e+00
  -7.2326e+00   3.9897e+00   2.6300e+00
  -7.2519e+00   3.9544e+00   2.6300e+00
  -7.2711e+00   3.9190e+00   2.6300e+00
  -7.2902e+00   3.8834e+00   2.6300e+00
  -7.3090e+00   3.8479e+00   2.6300e+00
  -7.3277e+00   3.8122e+00   2.6300e+00
  -7.3462e+00   3.7764e+00   2.6300e+00
  -7.3645e+00   3.7405e+00   2.6300e+00
  -7.3827e+00   3.7046e+00   2.6300e+00
  -7.4007e+00   3.6685e+00   2.6300e+00
  -7.4185e+00   3.6324e+00   2.6300e+00
  -7.4361e+00   3.5962e+00   2.6300e+00
  -7.4535e+00   3.5598e+00   2.6300e+00
  -7.4708e+00   3.5235e+00   2.6300e+00
  -7.4879e+00   3.4870e+00   2.6300e+00
  -7.5048e+00   3.4504e+00   2.6300e+00
  -7.5215e+00   3.4138e+00   2.6300e+00
  -7.5381e+00   3.3771e+00   2.6300e+00
  -7.5545e+00   3.3403e+00   2.6300e+00
  -7.5707e+00   3.3034e+00   2.6300e+00
  -7.5867e+00   3.2664e+00   2.6300e+00
  -7.6025e+00   3.2294e+00   2.6300e+00
  -7.6182e+00   3.1923e+00   2.6300e+00
  -7.6337e+00   3.1551e+00   2.6300e+00
  -7.6490e+00   3.1178e+00   2.6300e+00
  -7.6641e+00   3.0805e+00   2.6300e+00
  -7.6790e+00   3.0431e+00   2.6300e+00
  -7.6938e+00   3.0056e+00   2.6300e+00
  -7.7083e+00   2.9680e+00   2.6300e+00
  -7.7227e+00   2.9304e+00   2.6300e+00
  -7.7369e+00   2.8927e+00   2.6300e+00
  -7.7509e+00   2.8549e+00   2.6300e+00
  -7.7648e+00   2.8171e+00   2.6300e+00
  -7.7784e+00   2.7792e+00   2.6300e+00
  -7.7919e+00   2.7413e+00   2.6300e+00
  -7.8051e+00   2.7032e+00   2.6300e+00
  -7.8182e+00   2.6651e+00   2.6300e+00
  -7.8311e+00   2.6270e+00   2.6300e+00
  -7.8439e+00   2.5887e+00   2.6300e+00
  -7.8564e+00   2.5505e+00   2.6300e+00
  -7.8687e+00   2.5121e+00   2.6300e+00
  -7.8809e+00   2.4737e+00   2.6300e+00
  -7.8929e+00   2.4353e+00   2.6300e+00
  -7.9046e+00   2.3967e+00   2.6300e+00
  -7.9162e+00   2.3582e+00   2.6300e+00
  -7.9276e+00   2.3195e+00   2.6300e+00
  -7.9389e+00   2.2808e+00   2.6300e+00
  -7.9499e+00   2.2421e+00   2.6300e+00
  -7.9221e+00   2.2343e+00   2.6717e+00
  -7.8943e+00   2.2264e+00   2.7133e+00
  -7.8665e+00   2.2186e+00   2.7550e+00
  -7.8387e+00   2.2107e+00   2.7967e+00
  -7.8109e+00   2.2029e+00   2.8383e+00
  -7.7831e+00   2.1950e+00   2.8800e+00
  -7.7553e+00   2.1872e+00   2.9217e+00
  -7.7274e+00   2.1794e+00   2.9633e+00
  -7.6996e+00   2.1715e+00   3.0050e+00
  -7.6718e+00   2.1637e+00   3.0467e+00
  -7.6440e+00   2.1558e+00   3.0883e+00
  -7.6162e+00   2.1480e+00   3.1300e+00
  -7.5884e+00   2.1402e+00   3.1717e+00
  -7.5606e+00   2.1323e+00   3.2133e+00
  -7.5328e+00   2.1245e+00   3.2550e+00
  -7.5050e+00   2.1166e+00   3.2967e+00
  -7.4772e+00   2.1088e+00   3.3383e+00
  -7.4494e+00   2.1009e+00   3.3800e+00
  -7.4384e+00   2.1395e+00   3.3800e+00
  -7.4272e+00   2.1780e+00   3.3800e+00
  -7.4158e+00   2.2165e+00   3.3800e+00
  -7.4043e+00   2.2549e+00   3.3800e+00
  -7.3925e+00   2.2932e+00   3.3800e+00
  -7.3805e+00   2.3315e+00   3.3800e+00
  -7.3683e+00   2.3697e+00   3.3800e+00
  -7.3559e+00   2.4078e+00   3.3800e+00
  -7.3434e+00   2.4459e+00   3.3800e+00
  -7.3306e+00   2.4839e+00   3.3800e+00
  -7.3176e+00   2.5219e+00   3.3800e+00
  -7.3045e+00   2.5598e+00   3.3800e+00
  -7.2911e+00   2.5976e+00   3.3800e+00
  -7.2775e+00   2.6353e+00   3.3800e+00
  -7.2638e+00   2.6730e+00   3.3800e+00
  -7.2498e+00   2.7106e+00   3.3800e+00
  -7.2357e+00   2.7481e+00   3.3800e+00
  -7.2214e+00   2.7856e+00   3.3800e+00
  -7.2068e+00   2.8230e+00   3.3800e+00
  -7.1921e+00   2.8603e+00   3.3800e+00
  -7.1772e+00   2.8975e+00   3.3800e+00
  -7.1621e+00   2.9346e+00   3.3800e+00
  -7.1468e+00   2.9717e+00   3.3800e+00
  -7.1313e+00   3.0087e+00   3.3800e+00
  -7.1156e+00   3.0456e+00   3.3800e+00
  -7.0997e+00   3.0824e+00   3.3800e+00
  -7.0837e+00   3.1192e+00   3.3800e+00
  -7.0674e+00   3.1559e+00   3.3800e+00
  -7.0510e+00   3.1924e+00   3.3800e+00
  -7.0343e+00   3.2289e+00   3.3800e+00
  -7.0175e+00   3.2653e+00   3.3800e+00
  -7.0005e+00   3.3016e+00   3.3800e+00
  -6.9833e+00   3.3379e+00   3.3800e+00
  -6.9659e+00   3.3740e+00   3.3800e+00
  -6.9483e+00   3.4101e+00   3.3800e+00
  -6.9306e+00   3.4460e+00   3.3800e+00
  -6.9126e+00   3.4819e+00   3.3800e+00
  -6.8945e+00   3.5176e+00   3.3800e+00
  -6.8762e+00   3.5533e+00   3.3800e+00
  -6.8577e+00   3.5889e+00   3.3800e+00
  -6.8390e+00   3.6244e+00   3.3800e+00
  -6.8201e+00   3.6598e+00   3.3800e+00
  -6.8010e+00   3.6951e+00   3.3800e+00
  -6.7818e+00   3.7303e+00   3.3800e+00
  -6.7624e+00   3.7653e+00   3.3800e+00
  -6.7428e+00   3.8003e+00   3.3800e+00
  -6.7230e+00   3.8352e+00   3.3800e+00
  -6.7030e+00   3.8700e+00   3.3800e+00
  -6.6829e+00   3.9047e+00   3.3800e+00
  -6.6626e+00   3.9393e+00   3.3800e+00
  -6.6421e+00   3.9737e+00   3.3800e+00
  -6.6214e+00   4.0081e+00   3.3800e+00
  -6.6005e+00   4.0423e+00   3.3800e+00
  -6.5795e+00   4.0765e+00   3.3800e+00
  -6.5583e+00   4.1105e+00   3.3800e+00
  -6.5369e+00   4.1444e+00   3.3800e+00
  -6.5153e+00   4.1783e+00   3.3800e+00
  -6.4936e+00   4.2120e+00   3.3800e+00
  -6.4717e+00   4.2456e+00   3.3800e+00
  -6.4496e+00   4.2790e+00   3.3800e+00
  -6.4274e+00   4.3124e+00   3.3800e+00
  -6.4049e+00   4.3456e+00   3.3800e+00
  -6.3823e+00   4.3788e+00   3.3800e+00
  -6.3595e+00   4.4118e+00   3.3800e+00
  -6.3366e+00   4.4447e+00   3.3800e+00
  -6.3135e+00   4.4774e+00   3.3800e+00
  -6.2902e+00   4.5101e+00   3.3800e+00
  -6.2668e+00   4.5426e+00   3.3800e+00
  -6.2431e+00   4.5750e+00   3.3800e+00
  -6.2193e+00   4.6073e+00   3.3800e+00
  -6.1954e+00   4.6395e+00   3.3800e+00
  -6.1713e+00   4.6715e+00   3.3800e+00
  -6.1470e+00   4.7034e+00   3.3800e+00
  -6.1225e+00   4.7352e+00   3.3800e+00
  -6.0979e+00   4.7669e+00   3.3800e+00
  -6.0731e+00   4.7984e+00   3.3800e+00
  -6.0482e+00   4.8298e+00   3.3800e+00
  -6.0231e+00   4.8611e+00   3.3800e+00
  -5.9978e+00   4.8922e+00   3.3800e+00
  -5.9724e+00   4.9232e+00   3.3800e+00
  -5.9468e+00   4.9541e+00   3.3800e+00
  -5.9210e+00   4.9849e+00   3.3800e+00
  -5.8951e+00   5.0155e+00   3.3800e+00
  -5.8691e+00   5.0460e+00   3.3800e+00
  -5.8428e+00   5.0763e+00   3.3800e+00
  -5.8165e+00   5.1065e+00   3.3800e+00
  -5.7899e+00   5.1366e+00   3.3800e+00
  -5.7632e+00   5.1665e+00   3.3800e+00
  -5.7364e+00   5.1963e+00   3.3800e+00
  -5.7094e+00   5.2260e+00   3.3800e+00
  -5.6822e+00   5.2555e+00   3.3800e+00
  -5.6549e+00   5.2848e+00   3.3800e+00
  -5.6275e+00   5.3141e+00   3.3800e+00
  -5.5998e+00   5.3432e+00   3.3800e+00
  -5.5721e+00   5.3721e+00   3.3800e+00
  -5.5442e+00   5.4009e+00   3.3800e+00
  -5.5649e+00   5.4211e+00   3.3383e+00
  -5.5856e+00   5.4412e+00   3.2967e+00
  -5.6063e+00   5.4614e+00   3.2550e+00
  -5.6269e+00   5.4815e+00   3.2133e+00
  -5.6476e+00   5.5017e+00   3.1717e+00
  -5.6683e+00   5.5218e+00   3.1300e+00
  -5.6890e+00   5.5420e+00   3.0883e+00
  -5.7097e+00   5.5622e+00   3.0467e+00
  -5.7304e+00   5.5823e+00   3.0050e+00
  -5.7511e+00   5.6025e+00   2.9633e+00
  -5.7718e+00   5.6226e+00   2.9217e+00
  -5.7925e+00   5.6428e+00   2.8800e+00
  -5.8132e+00   5.6630e+00   2.8383e+00
  -5.8339e+00   5.6831e+00   2.7967e+00
  -5.8546e+00   5.7033e+00   2.7550e+00
  -5.8753e+00   5.7234e+00   2.7133e+00
  -5.8960e+00   5.7436e+00   2.6717e+00
  -5.9167e+00   5.7637e+00   2.6300e+00
  -8.2373e+00   6.1214e-01   2.6300e+00
  -8.2402e+00   5.7196e-01   2.6300e+00
  -8.2429e+00   5.3177e-01   2.6300e+00
  -8.2454e+00   4.9156e-01   2.6300e+00
  -8.2477e+00   4.5135e-01   2.6300e+00
  -8.2498e+00   4.1112e-01   2.6300e+00
  -8.2517e+00   3.7089e-01   2.6300e+00
  -8.2534e+00   3.3064e-01   2.6300e+00
  -8.2549e+00   2.9039e-01   2.6300e+00
  -8.2562e+00   2.5013e-01   2.6300e+00
  -8.2573e+00   2.0986e-01   2.6300e+00
  -8.2583e+00   1.6959e-01   2.6300e+00
  -8.2590e+00   1.2932e-01   2.6300e+00
  -8.2595e+00   8.9041e-02   2.6300e+00
  -8.2599e+00   4.8761e-02   2.6300e+00
  -8.2600e+00   8.4802e-03   2.6300e+00
  -8.2599e+00  -3.1801e-02   2.6300e+00
  -8.2597e+00  -7.2081e-02   2.6300e+00
  -8.2592e+00  -1.1236e-01   2.6300e+00
  -8.2586e+00  -1.5264e-01   2.6300e+00
  -8.2577e+00  -1.9291e-01   2.6300e+00
  -8.2567e+00  -2.3318e-01   2.6300e+00
  -8.2555e+00  -2.7344e-01   2.6300e+00
  -8.2540e+00  -3.1369e-01   2.6300e+00
  -8.2524e+00  -3.5394e-01   2.6300e+00
  -8.2506e+00  -3.9418e-01   2.6300e+00
  -8.2486e+00  -4.3441e-01   2.6300e+00
  -8.2464e+00  -4.7463e-01   2.6300e+00
  -8.2439e+00  -5.1484e-01   2.6300e+00
  -8.2413e+00  -5.5504e-01   2.6300e+00
  -8.2385e+00  -5.9522e-01   2.6300e+00
  -8.2355e+00  -6.3539e-01   2.6300e+00
  -8.2323e+00  -6.7554e-01   2.6300e+00
  -8.2289e+00  -7.1568e-01   2.6300e+00
  -8.2253e+00  -7.5580e-01   2.6300e+00
  -8.2216e+00  -7.9591e-01   2.6300e+00
  -8.2176e+00  -8.3599e-01   2.6300e+00
  -8.2134e+00  -8.7605e-01   2.6300e+00
  -8.2090e+00  -9.1610e-01   2.6300e+00
  -8.2045e+00  -9.5612e-01   2.6300e+00
  -8.1997e+00  -9.9612e-01   2.6300e+00
  -8.1948e+00  -1.0361e+00   2.6300e+00
  -8.1896e+00  -1.0760e+00   2.6300e+00
  -8.1843e+00  -1.1160e+00   2.6300e+00
  -8.1787e+00  -1.1559e+00   2.6300e+00
  -8.1730e+00  -1.1957e+00   2.6300e+00
  -8.1671e+00  -1.2356e+00   2.6300e+00
  -8.1609e+00  -1.2754e+00   2.6300e+00
  -8.1546e+00  -1.3152e+00   2.6300e+00
  -8.1481e+00  -1.3549e+00   2.6300e+00
  -8.1414e+00  -1.3946e+00   2.6300e+00
  -8.1345e+00  -1.4343e+00   2.6300e+00
  -8.1274e+00  -1.4740e+00   2.6300e+00
  -8.1201e+00  -1.5136e+00   2.6300e+00
  -8.1127e+00  -1.5532e+00   2.6300e+00
  -8.1050e+00  -1.5927e+00   2.6300e+00
  -8.0971e+00  -1.6322e+00   2.6300e+00
  -8.0891e+00  -1.6717e+00   2.6300e+00
  -8.0808e+00  -1.7111e+00   2.6300e+00
  -8.0724e+00  -1.7505e+00   2.6300e+00
  -8.0637e+00  -1.7899e+00   2.6300e+00
  -8.0549e+00  -1.8292e+00   2.6300e+00
  -8.0459e+00  -1.8684e+00   2.6300e+00
  -8.0367e+00  -1.9076e+00   2.6300e+00
  -8.0273e+00  -1.9468e+00   2.6300e+00
  -8.0177e+00  -1.9859e+00   2.6300e+00
  -8.0079e+00  -2.0250e+00   2.6300e+00
  -7.9980e+00  -2.0640e+00   2.6300e+00
  -7.9878e+00  -2.1030e+00   2.6300e+00
  -7.9774e+00  -2.1419e+00   2.6300e+00
  -7.9669e+00  -2.1808e+00   2.6300e+00
  -7.9562e+00  -2.2196e+00   2.6300e+00
  -7.9453e+00  -2.2584e+00   2.6300e+00
  -7.9342e+00  -2.2971e+00   2.6300e+00
  -7.9229e+00  -2.3358e+00   2.6300e+00
  -7.9114e+00  -2.3744e+00   2.6300e+00
  -7.8997e+00  -2.4130e+00   2.6300e+00
  -7.8878e+00  -2.4515e+00   2.6300e+00
  -7.8758e+00  -2.4899e+00   2.6300e+00
  -7.8636e+00  -2.5283e+00   2.6300e+00
  -7.8511e+00  -2.5666e+00   2.6300e+00
  -7.8385e+00  -2.6048e+00   2.6300e+00
  -7.8257e+00  -2.6430e+00   2.6300e+00
  -7.8127e+00  -2.6812e+00   2.6300e+00
  -7.7996e+00  -2.7192e+00   2.6300e+00
  -7.7862e+00  -2.7572e+00   2.6300e+00
  -7.7727e+00  -2.7952e+00   2.6300e+00
  -7.7590e+00  -2.8331e+00   2.6300e+00
  -7.7450e+00  -2.8709e+00   2.6300e+00
  -7.7310e+00  -2.9086e+00   2.6300e+00
  -7.7167e+00  -2.9463e+00   2.6300e+00
  -7.7022e+00  -2.9839e+00   2.6300e+00
  -7.6876e+00  -3.0214e+00   2.6300e+00
  -7.6728e+00  -3.0588e+00   2.6300e+00
  -7.6577e+00  -3.0962e+00   2.6300e+00
  -7.6426e+00  -3.1335e+00   2.6300e+00
  -7.6272e+00  -3.1708e+00   2.6300e+00
  -7.6116e+00  -3.2079e+00   2.6300e+00
  -7.5959e+00  -3.2450e+00   2.6300e+00
  -7.5800e+00  -3.2820e+00   2.6300e+00
  -7.5639e+00  -3.3189e+00   2.6300e+00
  -7.5476e+00  -3.3558e+00   2.6300e+00
  -7.5312e+00  -3.3925e+00   2.6300e+00
  -7.5048e+00  -3.3807e+00   2.6717e+00
  -7.4785e+00  -3.3688e+00   2.7133e+00
  -7.4521e+00  -3.3569e+00   2.7550e+00
  -7.4258e+00  -3.3451e+00   2.7967e+00
  -7.3995e+00  -3.3332e+00   2.8383e+00
  -7.3731e+00  -3.3213e+00   2.8800e+00
  -7.3468e+00  -3.3095e+00   2.9217e+00
  -7.3204e+00  -3.2976e+00   2.9633e+00
  -7.2941e+00  -3.2858e+00   3.0050e+00
  -7.2678e+00  -3.2739e+00   3.0467e+00
  -7.2414e+00  -3.2620e+00   3.0883e+00
  -7.2151e+00  -3.2502e+00   3.1300e+00
  -7.1887e+00  -3.2383e+00   3.1717e+00
  -7.1624e+00  -3.2264e+00   3.2133e+00
  -7.1361e+00  -3.2146e+00   3.2550e+00
  -7.1097e+00  -3.2027e+00   3.2967e+00
  -7.0834e+00  -3.1908e+00   3.3383e+00
  -7.0570e+00  -3.1790e+00   3.3800e+00
  -7.0734e+00  -3.1424e+00   3.3800e+00
  -7.0896e+00  -3.1057e+00   3.3800e+00
  -7.1056e+00  -3.0689e+00   3.3800e+00
  -7.1214e+00  -3.0320e+00   3.3800e+00
  -7.1370e+00  -2.9951e+00   3.3800e+00
  -7.1524e+00  -2.9581e+00   3.3800e+00
  -7.1677e+00  -2.9210e+00   3.3800e+00
  -7.1827e+00  -2.8838e+00   3.3800e+00
  -7.1976e+00  -2.8465e+00   3.3800e+00
  -7.2122e+00  -2.8092e+00   3.3800e+00
  -7.2267e+00  -2.7718e+00   3.3800e+00
  -7.2409e+00  -2.7343e+00   3.3800e+00
  -7.2550e+00  -2.6968e+00   3.3800e+00
  -7.2689e+00  -2.6591e+00   3.3800e+00
  -7.2826e+00  -2.6214e+00   3.3800e+00
  -7.2960e+00  -2.5837e+00   3.3800e+00
  -7.3093e+00  -2.5458e+00   3.3800e+00
  -7.3224e+00  -2.5079e+00   3.3800e+00
  -7.3353e+00  -2.4699e+00   3.3800e+00
  -7.3480e+00  -2.4319e+00   3.3800e+00
  -7.3605e+00  -2.3938e+00   3.3800e+00
  -7.3728e+00  -2.3556e+00   3.3800e+00
  -7.3849e+00  -2.3174e+00   3.3800e+00
  -7.3968e+00  -2.2791e+00   3.3800e+00
  -7.4086e+00  -2.2407e+00   3.3800e+00
  -7.4201e+00  -2.2023e+00   3.3800e+00
  -7.4314e+00  -2.1639e+00   3.3800e+00
  -7.4425e+00  -2.1253e+00   3.3800e+00
  -7.4534e+00  -2.0867e+00   3.3800e+00
  -7.4641e+00  -2.0481e+00   3.3800e+00
  -7.4746e+00  -2.0094e+00   3.3800e+00
  -7.4849e+00  -1.9706e+00   3.3800e+00
  -7.4950e+00  -1.9318e+00   3.3800e+00
  -7.5050e+00  -1.8929e+00   3.3800e+00
  -7.5147e+00  -1.8540e+00   3.3800e+00
  -7.5242e+00  -1.8151e+00   3.3800e+00
  -7.5335e+00  -1.7761e+00   3.3800e+00
  -7.5426e+00  -1.7370e+00   3.3800e+00
  -7.5515e+00  -1.6979e+00   3.3800e+00
  -7.5602e+00  -1.6588e+00   3.3800e+00
  -7.5687e+00  -1.6196e+00   3.3800e+00
  -7.5770e+00  -1.5803e+00   3.3800e+00
  -7.5850e+00  -1.5410e+00   3.3800e+00
  -7.5929e+00  -1.5017e+00   3.3800e+00
  -7.6006e+00  -1.4624e+00   3.3800e+00
  -7.6081e+00  -1.4230e+00   3.3800e+00
  -7.6153e+00  -1.3835e+00   3.3800e+00
  -7.6224e+00  -1.3440e+00   3.3800e+00
  -7.6293e+00  -1.3045e+00   3.3800e+00
  -7.6359e+00  -1.2650e+00   3.3800e+00
  -7.6424e+00  -1.2254e+00   3.3800e+00
  -7.6486e+00  -1.1858e+00   3.3800e+00
  -7.6547e+00  -1.1461e+00   3.3800e+00
  -7.6605e+00  -1.1065e+00   3.3800e+00
  -7.6661e+00  -1.0667e+00   3.3800e+00
  -7.6716e+00  -1.0270e+00   3.3800e+00
  -7.6768e+00  -9.8725e-01   3.3800e+00
  -7.6818e+00  -9.4746e-01   3.3800e+00
  -7.6866e+00  -9.0764e-01   3.3800e+00
  -7.6912e+00  -8.6780e-01   3.3800e+00
  -7.6956e+00  -8.2794e-01   3.3800e+00
  -7.6998e+00  -7.8806e-01   3.3800e+00
  -7.7038e+00  -7.4815e-01   3.3800e+00
  -7.7075e+00  -7.0822e-01   3.3800e+00
  -7.7111e+00  -6.6828e-01   3.3800e+00
  -7.7145e+00  -6.2831e-01   3.3800e+00
  -7.7176e+00  -5.8833e-01   3.3800e+00
  -7.7206e+00  -5.4834e-01   3.3800e+00
  -7.7233e+00  -5.0833e-01   3.3800e+00
  -7.7258e+00  -4.6830e-01   3.3800e+00
  -7.7281e+00  -4.2826e-01   3.3800e+00
  -7.7303e+00  -3.8822e-01   3.3800e+00
  -7.7322e+00  -3.4816e-01   3.3800e+00
  -7.7339e+00  -3.0809e-01   3.3800e+00
  -7.7354e+00  -2.6801e-01   3.3800e+00
  -7.7366e+00  -2.2793e-01   3.3800e+00
  -7.7377e+00  -1.8784e-01   3.3800e+00
  -7.7386e+00  -1.4774e-01   3.3800e+00
  -7.7393e+00  -1.0765e-01   3.3800e+00
  -7.7397e+00  -6.7543e-02   3.3800e+00
  -7.7400e+00  -2.7440e-02   3.3800e+00
  -7.7400e+00   1.2665e-02   3.3800e+00
  -7.7398e+00   5.2769e-02   3.3800e+00
  -7.7394e+00   9.2871e-02   3.3800e+00
  -7.7389e+00   1.3297e-01   3.3800e+00
  -7.7381e+00   1.7307e-01   3.3800e+00
  -7.7371e+00   2.1316e-01   3.3800e+00
  -7.7359e+00   2.5325e-01   3.3800e+00
  -7.7344e+00   2.9333e-01   3.3800e+00
  -7.7328e+00   3.3340e-01   3.3800e+00
  -7.7310e+00   3.7346e-01   3.3800e+00
  -7.7289e+00   4.1351e-01   3.3800e+00
  -7.7267e+00   4.5355e-01   3.3800e+00
  -7.7242e+00   4.9358e-01   3.3800e+00
  -7.7216e+00   5.3360e-01   3.3800e+00
  -7.7187e+00   5.7360e-01   3.3800e+00
  -7.7475e+00   5.7574e-01   3.3383e+00
  -7.7763e+00   5.7788e-01   3.2967e+00
  -7.8051e+00   5.8002e-01   3.2550e+00
  -7.8340e+00   5.8216e-01   3.2133e+00
  -7.8628e+00   5.8430e-01   3.1717e+00
  -7.8916e+00   5.8645e-01   3.1300e+00
  -7.9204e+00   5.8859e-01   3.0883e+00
  -7.9492e+00   5.9073e-01   3.0467e+00
  -7.9780e+00   5.9287e-01   3.0050e+00
  -8.0068e+00   5.9501e-01   2.9633e+00
  -8.0356e+00   5.9715e-01   2.9217e+00
  -8.0644e+00   5.9929e-01   2.8800e+00
  -8.0932e+00   6.0143e-01   2.8383e+00
  -8.1220e+00   6.0357e-01   2.7967e+00
  -8.1509e+00   6.0571e-01   2.7550e+00
  -8.1797e+00   6.0785e-01   2.7133e+00
  -8.2085e+00   6.1000e-01   2.6717e+00
  -8.2373e+00   6.1214e-01   2.6300e+00
  -6.7036e+00  -4.8259e+00   2.6300e+00
  -6.6800e+00  -4.8585e+00   2.6300e+00
  -6.6562e+00  -4.8911e+00   2.6300e+00
  -6.6323e+00  -4.9235e+00   2.6300e+00
  -6.6082e+00  -4.9557e+00   2.6300e+00
  -6.5839e+00  -4.9879e+00   2.6300e+00
  -6.5595e+00  -5.0200e+00   2.6300e+00
  -6.5350e+00  -5.0519e+00   2.6300e+00
  -6.5103e+00  -5.0837e+00   2.6300e+00
  -6.4854e+00  -5.1154e+00   2.6300e+00
  -6.4604e+00  -5.1469e+00   2.6300e+00
  -6.4352e+00  -5.1784e+00   2.6300e+00
  -6.4099e+00  -5.2097e+00   2.6300e+00
  -6.3844e+00  -5.2409e+00   2.6300e+00
  -6.3588e+00  -5.2720e+00   2.6300e+00
  -6.3330e+00  -5.3029e+00   2.6300e+00
  -6.3070e+00  -5.3337e+00   2.6300e+00
  -6.2810e+00  -5.3644e+00   2.6300e+00
  -6.2547e+00  -5.3950e+00   2.6300e+00
  -6.2283e+00  -5.4254e+00   2.6300e+00
  -6.2018e+00  -5.4558e+00   2.6300e+00
  -6.1751e+00  -5.4859e+00   2.6300e+00
  -6.1483e+00  -5.5160e+00   2.6300e+00
  -6.1213e+00  -5.5459e+00   2.6300e+00
  -6.0942e+00  -5.5757e+00   2.6300e+00
  -6.0669e+00  -5.6053e+00   2.6300e+00
  -6.0395e+00  -5.6349e+00   2.6300e+00
  -6.0120e+00  -5.6642e+00   2.6300e+00
  -5.9843e+00  -5.6935e+00   2.6300e+00
  -5.9565e+00  -5.7226e+00   2.6300e+00
  -5.9285e+00  -5.7516e+00   2.6300e+00
  -5.9004e+00  -5.7804e+00   2.6300e+00
  -5.8721e+00  -5.8091e+00   2.6300e+00
  -5.8437e+00  -5.8377e+00   2.6300e+00
  -5.8152e+00  -5.8661e+00   2.6300e+00
  -5.7865e+00  -5.8944e+00   2.6300e+00
  -5.7577e+00  -5.9226e+00   2.6300e+00
  -5.7287e+00  -5.9506e+00   2.6300e+00
  -5.6996e+00  -5.9784e+00   2.6300e+00
  -5.6704e+00  -6.0062e+00   2.6300e+00
  -5.6411e+00  -6.0337e+00   2.6300e+00
  -5.6116e+00  -6.0612e+00   2.6300e+00
  -5.5819e+00  -6.0885e+00   2.6300e+00
  -5.5522e+00  -6.1156e+00   2.6300e+00
  -5.5223e+00  -6.1426e+00   2.6300e+00
  -5.4923e+00  -6.1695e+00   2.6300e+00
  -5.4621e+00  -6.1962e+00   2.6300e+00
  -5.4318e+00  -6.2228e+00   2.6300e+00
  -5.4014e+00  -6.2492e+00   2.6300e+00
  -5.3709e+00  -6.2754e+00   2.6300e+00
  -5.3402e+00  -6.3016e+00   2.6300e+00
  -5.3094e+00  -6.3275e+00   2.6300e+00
  -5.2785e+00  -6.3533e+00   2.6300e+00
  -5.2475e+00  -6.3790e+00   2.6300e+00
  -5.2163e+00  -6.4045e+00   2.6300e+00
  -5.1850e+00  -6.4299e+00   2.6300e+00
  -5.1536e+00  -6.4551e+00   2.6300e+00
  -5.1220e+00  -6.4801e+00   2.6300e+00
  -5.0904e+00  -6.5051e+00   2.6300e+00
  -5.0586e+00  -6.5298e+00   2.6300e+00
  -5.0267e+00  -6.5544e+00   2.6300e+00
  -4.9947e+00  -6.5788e+00   2.6300e+00
  -4.9625e+00  -6.6031e+00   2.6300e+00
  -4.9303e+00  -6.6272e+00   2.6300e+00
  -4.8979e+00  -6.6512e+00   2.6300e+00
  -4.8654e+00  -6.6750e+00   2.6300e+00
  -4.8328e+00  -6.6986e+00   2.6300e+00
  -4.8001e+00  -6.7221e+00   2.6300e+00
  -4.7672e+00  -6.7455e+00   2.6300e+00
  -4.7343e+00  -6.7686e+00   2.6300e+00
  -4.7012e+00  -6.7916e+00   2.6300e+00
  -4.6680e+00  -6.8145e+00   2.6300e+00
  -4.6347e+00  -6.8372e+00   2.6300e+00
  -4.6013e+00  -6.8597e+00   2.6300e+00
  -4.5678e+00  -6.8820e+00   2.6300e+00
  -4.5342e+00  -6.9042e+00   2.6300e+00
  -4.5005e+00  -6.9263e+00   2.6300e+00
  -4.4667e+00  -6.9481e+00   2.6300e+00
  -4.4327e+00  -6.9698e+00   2.6300e+00
  -4.3987e+00  -6.9914e+00   2.6300e+00
  -4.3645e+00  -7.0127e+00   2.6300e+00
  -4.3303e+00  -7.0339e+00   2.6300e+00
  -4.2959e+00  -7.0550e+00   2.6300e+00
  -4.2615e+00  -7.0758e+00   2.6300e+00
  -4.2269e+00  -7.0965e+00   2.6300e+00
  -4.1923e+00  -7.1171e+00   2.6300e+00
  -4.1575e+00  -7.1374e+00   2.6300e+00
  -4.1227e+00  -7.1576e+00   2.6300e+00
  -4.0877e+00  -7.1776e+00   2.6300e+00
  -4.0526e+00  -7.1975e+00   2.6300e+00
  -4.0175e+00  -7.2172e+00   2.6300e+00
  -3.9823e+00  -7.2367e+00   2.6300e+00
  -3.9469e+00  -7.2560e+00   2.6300e+00
  -3.9115e+00  -7.2752e+00   2.6300e+00
  -3.8760e+00  -7.2941e+00   2.6300e+00
  -3.8403e+00  -7.3130e+00   2.6300e+00
  -3.8046e+00  -7.3316e+00   2.6300e+00
  -3.7688e+00  -7.3501e+00   2.6300e+00
  -3.7330e+00  -7.3684e+00   2.6300e+00
  -3.6970e+00  -7.3865e+00   2.6300e+00
  -3.6609e+00  -7.4044e+00   2.6300e+00
  -3.6248e+00  -7.4222e+00   2.6300e+00
  -3.5885e+00  -7.4398e+00   2.6300e+00
  -3.5760e+00  -7.4137e+00   2.6717e+00
  -3.5634e+00  -7.3877e+00   2.7133e+00
  -3.5509e+00  -7.3617e+00   2.7550e+00
  -3.5383e+00  -7.3357e+00   2.7967e+00
  -3.5258e+00  -7.3097e+00   2.8383e+00
  -3.5132e+00  -7.2836e+00   2.8800e+00
  -3.5007e+00  -7.2576e+00   2.9217e+00
  -3.4881e+00  -7.2316e+00   2.9633e+00
  -3.4756e+00  -7.2056e+00   3.0050e+00
  -3.4630e+00  -7.1796e+00   3.0467e+00
  -3.4505e+00  -7.1535e+00   3.0883e+00
  -3.4379e+00  -7.1275e+00   3.1300e+00
  -3.4254e+00  -7.1015e+00   3.1717e+00
  -3.4128e+00  -7.0755e+00   3.2133e+00
  -3.4003e+00  -7.0495e+00   3.2550e+00
  -3.3877e+00  -7.0234e+00   3.2967e+00
  -3.3752e+00  -6.9974e+00   3.3383e+00
  -3.3626e+00  -6.9714e+00   3.3800e+00
  -3.3987e+00  -6.9539e+00   3.3800e+00
  -3.4347e+00  -6.9362e+00   3.3800e+00
  -3.4706e+00  -6.9183e+00   3.3800e+00
  -3.5064e+00  -6.9002e+00   3.3800e+00
  -3.5421e+00  -6.8820e+00   3.3800e+00
  -3.5777e+00  -6.8635e+00   3.3800e+00
  -3.6132e+00  -6.8449e+00   3.3800e+00
  -3.6486e+00  -6.8261e+00   3.3800e+00
  -3.6839e+00  -6.8071e+00   3.3800e+00
  -3.7192e+00  -6.7879e+00   3.3800e+00
  -3.7543e+00  -6.7685e+00   3.3800e+00
  -3.7893e+00  -6.7490e+00   3.3800e+00
  -3.8242e+00  -6.7293e+00   3.3800e+00
  -3.8590e+00  -6.7094e+00   3.3800e+00
  -3.8937e+00  -6.6893e+00   3.3800e+00
  -3.9283e+00  -6.6690e+00   3.3800e+00
  -3.9628e+00  -6.6486e+00   3.3800e+00
  -3.9972e+00  -6.6279e+00   3.3800e+00
  -4.0315e+00  -6.6071e+00   3.3800e+00
  -4.0657e+00  -6.5862e+00   3.3800e+00
  -4.0998e+00  -6.5650e+00   3.3800e+00
  -4.1337e+00  -6.5437e+00   3.3800e+00
  -4.1676e+00  -6.5222e+00   3.3800e+00
  -4.2013e+00  -6.5005e+00   3.3800e+00
  -4.2350e+00  -6.4786e+00   3.3800e+00
  -4.2685e+00  -6.4566e+00   3.3800e+00
  -4.3019e+00  -6.4344e+00   3.3800e+00
  -4.3352e+00  -6.4120e+00   3.3800e+00
  -4.3683e+00  -6.3895e+00   3.3800e+00
  -4.4014e+00  -6.3668e+00   3.3800e+00
  -4.4343e+00  -6.3439e+00   3.3800e+00
  -4.4671e+00  -6.3208e+00   3.3800e+00
  -4.4998e+00  -6.2976e+00   3.3800e+00
  -4.5324e+00  -6.2742e+00   3.3800e+00
  -4.5648e+00  -6.2506e+00   3.3800e+00
  -4.5971e+00  -6.2269e+00   3.3800e+00
  -4.6293e+00  -6.2030e+00   3.3800e+00
  -4.6614e+00  -6.1789e+00   3.3800e+00
  -4.6934e+00  -6.1547e+00   3.3800e+00
  -4.7252e+00  -6.1303e+00   3.3800e+00
  -4.7569e+00  -6.1057e+00   3.3800e+00
  -4.7885e+00  -6.0810e+00   3.3800e+00
  -4.8199e+00  -6.0561e+00   3.3800e+00
  -4.8512e+00  -6.0310e+00   3.3800e+00
  -4.8824e+00  -6.0058e+00   3.3800e+00
  -4.9135e+00  -5.9804e+00   3.3800e+00
  -4.9444e+00  -5.9549e+00   3.3800e+00
  -4.9752e+00  -5.9292e+00   3.3800e+00
  -5.0058e+00  -5.9033e+00   3.3800e+00
  -5.0364e+00  -5.8773e+00   3.3800e+00
  -5.0667e+00  -5.8511e+00   3.3800e+00
  -5.0970e+00  -5.8248e+00   3.3800e+00
  -5.1271e+00  -5.7983e+00   3.3800e+00
  -5.1571e+00  -5.7717e+00   3.3800e+00
  -5.1869e+00  -5.7449e+00   3.3800e+00
  -5.2166e+00  -5.7179e+00   3.3800e+00
  -5.2462e+00  -5.6908e+00   3.3800e+00
  -5.2756e+00  -5.6636e+00   3.3800e+00
  -5.3049e+00  -5.6361e+00   3.3800e+00
  -5.3340e+00  -5.6086e+00   3.3800e+00
  -5.3630e+00  -5.5809e+00   3.3800e+00
  -5.3918e+00  -5.5530e+00   3.3800e+00
  -5.4205e+00  -5.5250e+00   3.3800e+00
  -5.4491e+00  -5.4968e+00   3.3800e+00
  -5.4775e+00  -5.4685e+00   3.3800e+00
  -5.5057e+00  -5.4401e+00   3.3800e+00
  -5.5339e+00  -5.4115e+00   3.3800e+00
  -5.5618e+00  -5.3827e+00   3.3800e+00
  -5.5896e+00  -5.3538e+00   3.3800e+00
  -5.6173e+00  -5.3248e+00   3.3800e+00
  -5.6448e+00  -5.2956e+00   3.3800e+00
  -5.6722e+00  -5.2663e+00   3.3800e+00
  -5.6994e+00  -5.2368e+00   3.3800e+00
  -5.7264e+00  -5.2072e+00   3.3800e+00
  -5.7534e+00  -5.1775e+00   3.3800e+00
  -5.7801e+00  -5.1476e+00   3.3800e+00
  -5.8067e+00  -5.1176e+00   3.3800e+00
  -5.8331e+00  -5.0874e+00   3.3800e+00
  -5.8594e+00  -5.0572e+00   3.3800e+00
  -5.8855e+00  -5.0267e+00   3.3800e+00
  -5.9115e+00  -4.9962e+00   3.3800e+00
  -5.9373e+00  -4.9655e+00   3.3800e+00
  -5.9630e+00  -4.9346e+00   3.3800e+00
  -5.9885e+00  -4.9037e+00   3.3800e+00
  -6.0138e+00  -4.8726e+00   3.3800e+00
  -6.0389e+00  -4.8414e+00   3.3800e+00
  -6.0640e+00  -4.8100e+00   3.3800e+00
  -6.0888e+00  -4.7785e+00   3.3800e+00
  -6.1135e+00  -4.7469e+00   3.3800e+00
  -6.1380e+00  -4.7152e+00   3.3800e+00
  -6.1623e+00  -4.6833e+00   3.3800e+00
  -6.1865e+00  -4.6513e+00   3.3800e+00
  -6.2105e+00  -4.6192e+00   3.3800e+00
  -6.2344e+00  -4.5869e+00   3.3800e+00
  -6.2581e+00  -4.5546e+00   3.3800e+00
  -6.2816e+00  -4.5221e+00   3.3800e+00
  -6.3050e+00  -4.5390e+00   3.3383e+00
  -6.3285e+00  -4.5558e+00   3.2967e+00
  -6.3519e+00  -4.5727e+00   3.2550e+00
  -6.3754e+00  -4.5896e+00   3.2133e+00
  -6.3988e+00  -4.6065e+00   3.1717e+00
  -6.4223e+00  -4.6234e+00   3.1300e+00
  -6.4457e+00  -4.6402e+00   3.0883e+00
  -6.4691e+00  -4.6571e+00   3.0467e+00
  -6.4926e+00  -4.6740e+00   3.0050e+00
  -6.5160e+00  -4.6909e+00   2.9633e+00
  -6.5395e+00  -4.7078e+00   2.9217e+00
  -6.5629e+00  -4.7246e+00   2.8800e+00
  -6.5864e+00  -4.7415e+00   2.8383e+00
  -6.6098e+00  -4.7584e+00   2.7967e+00
  -6.6333e+00  -4.7753e+00   2.7550e+00
  -6.6567e+00  -4.7921e+00   2.7133e+00
  -6.6802e+00  -4.8090e+00   2.6717e+00
  -6.7036e+00  -4.8259e+00   2.6300e+00
  -2.0332e+00  -8.0058e+00   2.6300e+00
  -1.9942e+00  -8.0157e+00   2.6300e+00
  -1.9550e+00  -8.0253e+00   2.6300e+00
  -1.9159e+00  -8.0347e+00   2.6300e+00
  -1.8767e+00  -8.0440e+00   2.6300e+00
  -1.8374e+00  -8.0530e+00   2.6300e+00
  -1.7981e+00  -8.0619e+00   2.6300e+00
  -1.7588e+00  -8.0706e+00   2.6300e+00
  -1.7194e+00  -8.0791e+00   2.6300e+00
  -1.6800e+00  -8.0873e+00   2.6300e+00
  -1.6405e+00  -8.0954e+00   2.6300e+00
  -1.6010e+00  -8.1033e+00   2.6300e+00
  -1.5615e+00  -8.1111e+00   2.6300e+00
  -1.5219e+00  -8.1186e+00   2.6300e+00
  -1.4823e+00  -8.1259e+00   2.6300e+00
  -1.4427e+00  -8.1330e+00   2.6300e+00
  -1.4030e+00  -8.1400e+00   2.6300e+00
  -1.3633e+00  -8.1467e+00   2.6300e+00
  -1.3235e+00  -8.1533e+00   2.6300e+00
  -1.2838e+00  -8.1596e+00   2.6300e+00
  -1.2440e+00  -8.1658e+00   2.6300e+00
  -1.2041e+00  -8.1718e+00   2.6300e+00
  -1.1643e+00  -8.1775e+00   2.6300e+00
  -1.1244e+00  -8.1831e+00   2.6300e+00
  -1.0845e+00  -8.1885e+00   2.6300e+00
  -1.0445e+00  -8.1937e+00   2.6300e+00
  -1.0045e+00  -8.1987e+00   2.6300e+00
  -9.6454e-01  -8.2035e+00   2.6300e+00
  -9.2453e-01  -8.2081e+00   2.6300e+00
  -8.8449e-01  -8.2125e+00   2.6300e+00
  -8.4443e-01  -8.2167e+00   2.6300e+00
  -8.0435e-01  -8.2207e+00   2.6300e+00
  -7.6425e-01  -8.2246e+00   2.6300e+00
  -7.2413e-01  -8.2282e+00   2.6300e+00
  -6.8400e-01  -8.2316e+00   2.6300e+00
  -6.4385e-01  -8.2349e+00   2.6300e+00
  -6.0368e-01  -8.2379e+00   2.6300e+00
  -5.6350e-01  -8.2408e+00   2.6300e+00
  -5.2330e-01  -8.2434e+00   2.6300e+00
  -4.8310e-01  -8.2459e+00   2.6300e+00
  -4.4288e-01  -8.2481e+00   2.6300e+00
  -4.0265e-01  -8.2502e+00   2.6300e+00
  -3.6241e-01  -8.2520e+00   2.6300e+00
  -3.2217e-01  -8.2537e+00   2.6300e+00
  -2.8191e-01  -8.2552e+00   2.6300e+00
  -2.4165e-01  -8.2565e+00   2.6300e+00
  -2.0139e-01  -8.2575e+00   2.6300e+00
  -1.6111e-01  -8.2584e+00   2.6300e+00
  -1.2084e-01  -8.2591e+00   2.6300e+00
  -8.0561e-02  -8.2596e+00   2.6300e+00
  -4.0281e-02  -8.2599e+00   2.6300e+00
  -8.2217e-14  -8.2600e+00   2.6300e+00
   4.0281e-02  -8.2599e+00   2.6300e+00
   8.0561e-02  -8.2596e+00   2.6300e+00
   1.2084e-01  -8.2591e+00   2.6300e+00
   1.6111e-01  -8.2584e+00   2.6300e+00
   2.0139e-01  -8.2575e+00   2.6300e+00
   2.4165e-01  -8.2565e+00   2.6300e+00
   2.8191e-01  -8.2552e+00   2.6300e+00
   3.2217e-01  -8.2537e+00   2.6300e+00
   3.6241e-01  -8.2520e+00   2.6300e+00
   4.0265e-01  -8.2502e+00   2.6300e+00
   4.4288e-01  -8.2481e+00   2.6300e+00
   4.8310e-01  -8.2459e+00   2.6300e+00
   5.2330e-01  -8.2434e+00   2.6300e+00
   5.6350e-01  -8.2408e+00   2.6300e+00
   6.0368e-01  -8.2379e+00   2.6300e+00
   6.4385e-01  -8.2349e+00   2.6300e+00
   6.8400e-01  -8.2316e+00   2.6300e+00
   7.2413e-01  -8.2282e+00   2.6300e+00
   7.6425e-01  -8.2246e+00   2.6300e+00
   8.0435e-01  -8.2207e+00   2.6300e+00
   8.4443e-01  -8.2167e+00   2.6300e+00
   8.8449e-01  -8.2125e+00   2.6300e+00
   9.2453e-01  -8.2081e+00   2.6300e+00
   9.6454e-01  -8.2035e+00   2.6300e+00
   1.0045e+00  -8.1987e+00   2.6300e+00
   1.0445e+00  -8.1937e+00   2.6300e+00
   1.0845e+00  -8.1885e+00   2.6300e+00
   1.1244e+00  -8.1831e+00   2.6300e+00
   1.1643e+00  -8.1775e+00   2.6300e+00
   1.2041e+00  -8.1718e+00   2.6300e+00
   1.2440e+00  -8.1658e+00   2.6300e+00
   1.2838e+00  -8.1596e+00   2.6300e+00
   1.3235e+00  -8.1533e+00   2.6300e+00
   1.3633e+00  -8.1467e+00   2.6300e+00
   1.4030e+00  -8.1400e+00   2.6300e+00
   1.4427e+00  -8.1330e+00   2.6300e+00
   1.4823e+00  -8.1259e+00   2.6300e+00
   1.5219e+00  -8.1186e+00   2.6300e+00
   1.5615e+00  -8.1111e+00   2.6300e+00
   1.6010e+00  -8.1033e+00   2.6300e+00
   1.6405e+00  -8.0954e+00   2.6300e+00
   1.6800e+00  -8.0873e+00   2.6300e+00
   1.7194e+00  -8.0791e+00   2.6300e+00
   1.7588e+00  -8.0706e+00   2.6300e+00
   1.7981e+00  -8.0619e+00   2.6300e+00
   1.8374e+00  -8.0530e+00   2.6300e+00
   1.8767e+00  -8.0440e+00   2.6300e+00
   1.9159e+00  -8.0347e+00   2.6300e+00
   1.9550e+00  -8.0253e+00   2.6300e+00
   1.9942e+00  -8.0157e+00   2.6300e+00
   2.0332e+00  -8.0058e+00   2.6300e+00
   2.0261e+00  -7.9778e+00   2.6717e+00
   2.0190e+00  -7.9498e+00   2.7133e+00
   2.0119e+00  -7.9218e+00   2.7550e+00
   2.0048e+00  -7.8938e+00   2.7967e+00
   1.9977e+00  -7.8658e+00   2.8383e+00
   1.9906e+00  -7.8378e+00   2.8800e+00
   1.9834e+00  -7.8098e+00   2.9217e+00
   1.9763e+00  -7.7818e+00   2.9633e+00
   1.9692e+00  -7.7538e+00   3.0050e+00
   1.9621e+00  -7.7258e+00   3.0467e+00
   1.9550e+00  -7.6978e+00   3.0883e+00
   1.9479e+00  -7.6698e+00   3.1300e+00
   1.9408e+00  -7.6418e+00   3.1717e+00
   1.9337e+00  -7.6138e+00   3.2133e+00
   1.9266e+00  -7.5858e+00   3.2550e+00
   1.9194e+00  -7.5578e+00   3.2967e+00
   1.9123e+00  -7.5298e+00   3.3383e+00
   1.9052e+00  -7.5018e+00   3.3800e+00
   1.8663e+00  -7.5116e+00   3.3800e+00
   1.8274e+00  -7.5212e+00   3.3800e+00
   1.7884e+00  -7.5306e+00   3.3800e+00
   1.7493e+00  -7.5397e+00   3.3800e+00
   1.7103e+00  -7.5487e+00   3.3800e+00
   1.6711e+00  -7.5574e+00   3.3800e+00
   1.6319e+00  -7.5660e+00   3.3800e+00
   1.5927e+00  -7.5744e+00   3.3800e+00
   1.5534e+00  -7.5825e+00   3.3800e+00
   1.5141e+00  -7.5905e+00   3.3800e+00
   1.4748e+00  -7.5982e+00   3.3800e+00
   1.4354e+00  -7.6057e+00   3.3800e+00
   1.3960e+00  -7.6131e+00   3.3800e+00
   1.3565e+00  -7.6202e+00   3.3800e+00
   1.3170e+00  -7.6271e+00   3.3800e+00
   1.2775e+00  -7.6339e+00   3.3800e+00
   1.2379e+00  -7.6404e+00   3.3800e+00
   1.1983e+00  -7.6467e+00   3.3800e+00
   1.1587e+00  -7.6528e+00   3.3800e+00
   1.1190e+00  -7.6587e+00   3.3800e+00
   1.0793e+00  -7.6644e+00   3.3800e+00
   1.0396e+00  -7.6699e+00   3.3800e+00
   9.9981e-01  -7.6752e+00   3.3800e+00
   9.6003e-01  -7.6802e+00   3.3800e+00
   9.2022e-01  -7.6851e+00   3.3800e+00
   8.8039e-01  -7.6898e+00   3.3800e+00
   8.4053e-01  -7.6942e+00   3.3800e+00
   8.0065e-01  -7.6985e+00   3.3800e+00
   7.6075e-01  -7.7025e+00   3.3800e+00
   7.2083e-01  -7.7064e+00   3.3800e+00
   6.8089e-01  -7.7100e+00   3.3800e+00
   6.4094e-01  -7.7134e+00   3.3800e+00
   6.0096e-01  -7.7166e+00   3.3800e+00
   5.6097e-01  -7.7196e+00   3.3800e+00
   5.2096e-01  -7.7224e+00   3.3800e+00
   4.8094e-01  -7.7250e+00   3.3800e+00
   4.4091e-01  -7.7274e+00   3.3800e+00
   4.0086e-01  -7.7296e+00   3.3800e+00
   3.6081e-01  -7.7316e+00   3.3800e+00
   3.2074e-01  -7.7334e+00   3.3800e+00
   2.8067e-01  -7.7349e+00   3.3800e+00
   2.4059e-01  -7.7363e+00   3.3800e+00
   2.0050e-01  -7.7374e+00   3.3800e+00
   1.6041e-01  -7.7383e+00   3.3800e+00
   1.2031e-01  -7.7391e+00   3.3800e+00
   8.0207e-02  -7.7396e+00   3.3800e+00
   4.0104e-02  -7.7399e+00   3.3800e+00
  -1.0454e-13  -7.7400e+00   3.3800e+00
  -4.0104e-02  -7.7399e+00   3.3800e+00
  -8.0207e-02  -7.7396e+00   3.3800e+00
  -1.2031e-01  -7.7391e+00   3.3800e+00
  -1.6041e-01  -7.7383e+00   3.3800e+00
  -2.0050e-01  -7.7374e+00   3.3800e+00
  -2.4059e-01  -7.7363e+00   3.3800e+00
  -2.8067e-01  -7.7349e+00   3.3800e+00
  -3.2074e-01  -7.7334e+00   3.3800e+00
  -3.6081e-01  -7.7316e+00   3.3800e+00
  -4.0086e-01  -7.7296e+00   3.3800e+00
  -4.4091e-01  -7.7274e+00   3.3800e+00
  -4.8094e-01  -7.7250e+00   3.3800e+00
  -5.2096e-01  -7.7224e+00   3.3800e+00
  -5.6097e-01  -7.7196e+00   3.3800e+00
  -6.0096e-01  -7.7166e+00   3.3800e+00
  -6.4094e-01  -7.7134e+00   3.3800e+00
  -6.8089e-01  -7.7100e+00   3.3800e+00
  -7.2083e-01  -7.7064e+00   3.3800e+00
  -7.6075e-01  -7.7025e+00   3.3800e+00
  -8.0065e-01  -7.6985e+00   3.3800e+00
  -8.4053e-01  -7.6942e+00   3.3800e+00
  -8.8039e-01  -7.6898e+00   3.3800e+00
  -9.2022e-01  -7.6851e+00   3.3800e+00
  -9.6003e-01  -7.6802e+00   3.3800e+00
  -9.9981e-01  -7.6752e+00   3.3800e+00
  -1.0396e+00  -7.6699e+00   3.3800e+00
  -1.0793e+00  -7.6644e+00   3.3800e+00
  -1.1190e+00  -7.6587e+00   3.3800e+00
  -1.1587e+00  -7.6528e+00   3.3800e+00
  -1.1983e+00  -7.6467e+00   3.3800e+00
  -1.2379e+00  -7.6404e+00   3.3800e+00
  -1.2775e+00  -7.6339e+00   3.3800e+00
  -1.3170e+00  -7.6271e+00   3.3800e+00
  -1.3565e+00  -7.6202e+00   3.3800e+00
  -1.3960e+00  -7.6131e+00   3.3800e+00
  -1.4354e+00  -7.6057e+00   3.3800e+00
  -1.4748e+00  -7.5982e+00   3.3800e+00
  -1.5141e+00  -7.5905e+00   3.3800e+00
  -1.5534e+00  -7.5825e+00   3.3800e+00
  -1.5927e+00  -7.5744e+00   3.3800e+00
  -1.6319e+00  -7.5660e+00   3.3800e+00
  -1.6711e+00  -7.5574e+00   3.3800e+00
  -1.7103e+00  -7.5487e+00   3.3800e+00
  -1.7493e+00  -7.5397e+00   3.3800e+00
  -1.7884e+00  -7.5306e+00   3.3800e+00
  -1.8274e+00  -7.5212e+00   3.3800e+00
  -1.8663e+00  -7.5116e+00   3.3800e+00
  -1.9052e+00  -7.5018e+00   3.3800e+00
  -1.9123e+00  -7.5298e+00   3.3383e+00
  -1.9194e+00  -7.5578e+00   3.2967e+00
  -1.9266e+00  -7.5858e+00   3.2550e+00
  -1.9337e+00  -7.6138e+00   3.2133e+00
  -1.9408e+00  -7.6418e+00   3.1717e+00
  -1.9479e+00  -7.6698e+00   3.1300e+00
  -1.9550e+00  -7.6978e+00   3.0883e+00
  -1.9621e+00  -7.7258e+00   3.0467e+00
  -1.9692e+00  -7.7538e+00   3.0050e+00
  -1.9763e+00  -7.7818e+00   2.9633e+00
  -1.9834e+00  -7.8098e+00   2.9217e+00
  -1.9906e+00  -7.8378e+00   2.8800e+00
  -1.9977e+00  -7.8658e+00   2.8383e+00
  -2.0048e+00  -7.8938e+00   2.7967e+00
  -2.0119e+00  -7.9218e+00   2.7550e+00
  -2.0190e+00  -7.9498e+00   2.7133e+00
  -2.0261e+00  -7.9778e+00   2.6717e+00
  -2.0332e+00  -8.0058e+00   2.6300e+00
   3.5885e+00  -7.4398e+00   2.6300e+00
   3.6248e+00  -7.4222e+00   2.6300e+00
   3.6609e+00  -7.4044e+00   2.6300e+00
   3.6970e+00  -7.3865e+00   2.6300e+00
   3.7330e+00  -7.3684e+00   2.6300e+00
   3.7688e+00  -7.3501e+00   2.6300e+00
   3.8046e+00  -7.3316e+00   2.6300e+00
   3.8403e+00  -7.3130e+00   2.6300e+00
   3.8760e+00  -7.2941e+00   2.6300e+00
   3.9115e+00  -7.2752e+00   2.6300e+00
   3.9469e+00  -7.2560e+00   2.6300e+00
   3.9823e+00  -7.2367e+00   2.6300e+00
   4.0175e+00  -7.2172e+00   2.6300e+00
   4.0526e+00  -7.1975e+00   2.6300e+00
   4.0877e+00  -7.1776e+00   2.6300e+00
   4.1227e+00  -7.1576e+00   2.6300e+00
   4.1575e+00  -7.1374e+00   2.6300e+00
   4.1923e+00  -7.1171e+00   2.6300e+00
   4.2269e+00  -7.0965e+00   2.6300e+00
   4.2615e+00  -7.0758e+00   2.6300e+00
   4.2959e+00  -7.0550e+00   2.6300e+00
   4.3303e+00  -7.0339e+00   2.6300e+00
   4.3645e+00  -7.0127e+00   2.6300e+00
   4.3987e+00  -6.9914e+00   2.6300e+00
   4.4327e+00  -6.9698e+00   2.6300e+00
   4.4667e+00  -6.9481e+00   2.6300e+00
   4.5005e+00  -6.9263e+00   2.6300e+00
   4.5342e+00  -6.9042e+00   2.6300e+00
   4.5678e+00  -6.8820e+00   2.6300e+00
   4.6013e+00  -6.8597e+00   2.6300e+00
   4.6347e+00  -6.8372e+00   2.6300e+00
   4.6680e+00  -6.8145e+00   2.6300e+00
   4.7012e+00  -6.7916e+00   2.6300e+00
   4.7343e+00  -6.7686e+00   2.6300e+00
   4.7672e+00  -6.7455e+00   2.6300e+00
   4.8001e+00  -6.7221e+00   2.6300e+00
   4.8328e+00  -6.6986e+00   2.6300e+00
   4.8654e+00  -6.6750e+00   2.6300e+00
   4.8979e+00  -6.6512e+00   2.6300e+00
   4.9303e+00  -6.6272e+00   2.6300e+00
   4.9625e+00  -6.6031e+00   2.6300e+00
   4.9947e+00  -6.5788e+00   2.6300e+00
   5.0267e+00  -6.5544e+00   2.6300e+00
   5.0586e+00  -6.5298e+00   2.6300e+00
   5.0904e+00  -6.5051e+00   2.6300e+00
   5.1220e+00  -6.4801e+00   2.6300e+00
   5.1536e+00  -6.4551e+00   2.6300e+00
   5.1850e+00  -6.4299e+00   2.6300e+00
   5.2163e+00  -6.4045e+00   2.6300e+00
   5.2475e+00  -6.3790e+00   2.6300e+00
   5.2785e+00  -6.3533e+00   2.6300e+00
   5.3094e+00  -6.3275e+00   2.6300e+00
   5.3402e+00  -6.3016e+00   2.6300e+00
   5.3709e+00  -6.2754e+00   2.6300e+00
   5.4014e+00  -6.2492e+00   2.6300e+00
   5.4318e+00  -6.2228e+00   2.6300e+00
   5.4621e+00  -6.1962e+00   2.6300e+00
   5.4923e+00  -6.1695e+00   2.6300e+00
   5.5223e+00  -6.1426e+00   2.6300e+00
   5.5522e+00  -6.1156e+00   2.6300e+00
   5.5819e+00  -6.0885e+00   2.6300e+00
   5.6116e+00  -6.0612e+00   2.6300e+00
   5.6411e+00  -6.0337e+00   2.6300e+00
   5.6704e+00  -6.0062e+00   2.6300e+00
   5.6996e+00  -5.9784e+00   2.6300e+00
   5.7287e+00  -5.9506e+00   2.6300e+00
   5.7577e+00  -5.9226e+00   2.6300e+00
   5.7865e+00  -5.8944e+00   2.6300e+00
   5.8152e+00  -5.8661e+00   2.6300e+00
   5.8437e+00  -5.8377e+00   2.6300e+00
   5.8721e+00  -5.8091e+00   2.6300e+00
   5.9004e+00  -5.7804e+00   2.6300e+00
   5.9285e+00  -5.7516e+00   2.6300e+00
   5.9565e+00  -5.7226e+00   2.6300e+00
   5.9843e+00  -5.6935e+00   2.6300e+00
   6.0120e+00  -5.6642e+00   2.6300e+00
   6.0395e+00  -5.6349e+00   2.6300e+00
   6.0669e+00  -5.6053e+00   2.6300e+00
   6.0942e+00  -5.5757e+00   2.6300e+00
   6.1213e+00  -5.5459e+00   2.6300e+00
   6.1483e+00  -5.5160e+00   2.6300e+00
   6.1751e+00  -5.4859e+00   2.6300e+00
   6.2018e+00  -5.4558e+00   2.6300e+00
   6.2283e+00  -5.4254e+00   2.6300e+00
   6.2547e+00  -5.3950e+00   2.6300e+00
   6.2810e+00  -5.3644e+00   2.6300e+00
   6.3070e+00  -5.3337e+00   2.6300e+00
   6.3330e+00  -5.3029e+00   2.6300e+00
   6.3588e+00  -5.2720e+00   2.6300e+00
   6.3844e+00  -5.2409e+00   2.6300e+00
   6.4099e+00  -5.2097e+00   2.6300e+00
   6.4352e+00  -5.1784e+00   2.6300e+00
   6.4604e+00  -5.1469e+00   2.6300e+00
   6.4854e+00  -5.1154e+00   2.6300e+00
   6.5103e+00  -5.0837e+00   2.6300e+00
   6.5350e+00  -5.0519e+00   2.6300e+00
   6.5595e+00  -5.0200e+00   2.6300e+00
   6.5839e+00  -4.9879e+00   2.6300e+00
   6.6082e+00  -4.9557e+00   2.6300e+00
   6.6323e+00  -4.9235e+00   2.6300e+00
   6.6562e+00  -4.8911e+00   2.6300e+00
   6.6800e+00  -4.8585e+00   2.6300e+00
   6.7036e+00  -4.8259e+00   2.6300e+00
   6.6802e+00  -4.8090e+00   2.6717e+00
   6.6567e+00  -4.7921e+00   2.7133e+00
   6.6333e+00  -4.7753e+00   2.7550e+00
   6.6098e+00  -4.7584e+00   2.7967e+00
   6.5864e+00  -4.7415e+00   2.8383e+00
   6.5629e+00  -4.7246e+00   2.8800e+00
   6.5395e+00  -4.7078e+00   2.9217e+00
   6.5160e+00  -4.6909e+00   2.9633e+00
   6.4926e+00  -4.6740e+00   3.0050e+00
   6.4691e+00  -4.6571e+00   3.0467e+00
   6.4457e+00  -4.6402e+00   3.0883e+00
   6.4223e+00  -4.6234e+00   3.1300e+00
   6.3988e+00  -4.6065e+00   3.1717e+00
   6.3754e+00  -4.5896e+00   3.2133e+00
   6.3519e+00  -4.5727e+00   3.2550e+00
   6.3285e+00  -4.5558e+00   3.2967e+00
   6.3050e+00  -4.5390e+00   3.3383e+00
   6.2816e+00  -4.5221e+00   3.3800e+00
   6.2581e+00  -4.5546e+00   3.3800e+00
   6.2344e+00  -4.5869e+00   3.3800e+00
   6.2105e+00  -4.6192e+00   3.3800e+00
   6.1865e+00  -4.6513e+00   3.3800e+00
   6.1623e+00  -4.6833e+00   3.3800e+00
   6.1380e+00  -4.7152e+00   3.3800e+00
   6.1135e+00  -4.7469e+00   3.3800e+00
   6.0888e+00  -4.7785e+00   3.3800e+00
   6.0640e+00  -4.8100e+00   3.3800e+00
   6.0389e+00  -4.8414e+00   3.3800e+00
   6.0138e+00  -4.8726e+00   3.3800e+00
   5.9885e+00  -4.9037e+00   3.3800e+00
   5.9630e+00  -4.9346e+00   3.3800e+00
   5.9373e+00  -4.9655e+00   3.3800e+00
   5.9115e+00  -4.9962e+00   3.3800e+00
   5.8855e+00  -5.0267e+00   3.3800e+00
   5.8594e+00  -5.0572e+00   3.3800e+00
   5.8331e+00  -5.0874e+00   3.3800e+00
   5.8067e+00  -5.1176e+00   3.3800e+00
   5.7801e+00  -5.1476e+00   3.3800e+00
   5.7534e+00  -5.1775e+00   3.3800e+00
   5.7264e+00  -5.2072e+00   3.3800e+00
   5.6994e+00  -5.2368e+00   3.3800e+00
   5.6722e+00  -5.2663e+00   3.3800e+00
   5.6448e+00  -5.2956e+00   3.3800e+00
   5.6173e+00  -5.3248e+00   3.3800e+00
   5.5896e+00  -5.3538e+00   3.3800e+00
   5.5618e+00  -5.3827e+00   3.3800e+00
   5.5339e+00  -5.4115e+00   3.3800e+00
   5.5057e+00  -5.4401e+00   3.3800e+00
   5.4775e+00  -5.4685e+00   3.3800e+00
   5.4491e+00  -5.4968e+00   3.3800e+00
   5.4205e+00  -5.5250e+00   3.3800e+00
   5.3918e+00  -5.5530e+00   3.3800e+00
   5.3630e+00  -5.5809e+00   3.3800e+00
   5.3340e+00  -5.6086e+00   3.3800e+00
   5.3049e+00  -5.6361e+00   3.3800e+00
   5.2756e+00  -5.6636e+00   3.3800e+00
   5.2462e+00  -5.6908e+00   3.3800e+00
   5.2166e+00  -5.7179e+00   3.3800e+00
   5.1869e+00  -5.7449e+00   3.3800e+00
   5.1571e+00  -5.7717e+00   3.3800e+00
   5.1271e+00  -5.7983e+00   3.3800e+00
   5.0970e+00  -5.8248e+00   3.3800e+00
   5.0667e+00  -5.8511e+00   3.3800e+00
   5.0364e+00  -5.8773e+00   3.3800e+00
   5.0058e+00  -5.9033e+00   3.3800e+00
   4.9752e+00  -5.9292e+00   3.3800e+00
   4.9444e+00  -5.9549e+00   3.3800e+00
   4.9135e+00  -5.9804e+00   3.3800e+00
   4.8824e+00  -6.0058e+00   3.3800e+00
   4.8512e+00  -6.0310e+00   3.3800e+00
   4.8199e+00  -6.0561e+00   3.3800e+00
   4.7885e+00  -6.0810e+00   3.3800e+00
   4.7569e+00  -6.1057e+00   3.3800e+00
   4.7252e+00  -6.1303e+00   3.3800e+00
   4.6934e+00  -6.1547e+00   3.3800e+00
   4.6614e+00  -6.1789e+00   3.3800e+00
   4.6293e+00  -6.2030e+00   3.3800e+00
   4.5971e+00  -6.2269e+00   3.3800e+00
   4.5648e+00  -6.2506e+00   3.3800e+00
   4.5324e+00  -6.2742e+00   3.3800e+00
   4.4998e+00  -6.2976e+00   3.3800e+00
   4.4671e+00  -6.3208e+00   3.3800e+00
   4.4343e+00  -6.3439e+00   3.3800e+00
   4.4014e+00  -6.3668e+00   3.3800e+00
   4.3683e+00  -6.3895e+00   3.3800e+00
   4.3352e+00  -6.4120e+00   3.3800e+00
   4.3019e+00  -6.4344e+00   3.3800e+00
   4.2685e+00  -6.4566e+00   3.3800e+00
   4.2350e+00  -6.4786e+00   3.3800e+00
   4.2013e+00  -6.5005e+00   3.3800e+00
   4.1676e+00  -6.5222e+00   3.3800e+00
   4.1337e+00  -6.5437e+00   3.3800e+00
   4.0998e+00  -6.5650e+00   3.3800e+00
   4.0657e+00  -6.5862e+00   3.3800e+00
   4.0315e+00  -6.6071e+00   3.3800e+00
   3.9972e+00  -6.6279e+00   3.3800e+00
   3.9628e+00  -6.6486e+00   3.3800e+00
   3.9283e+00  -6.6690e+00   3.3800e+00
   3.8937e+00  -6.6893e+00   3.3800e+00
   3.8590e+00  -6.7094e+00   3.3800e+00
   3.8242e+00  -6.7293e+00   3.3800e+00
   3.7893e+00  -6.7490e+00   3.3800e+00
   3.7543e+00  -6.7685e+00   3.3800e+00
   3.7192e+00  -6.7879e+00   3.3800e+00
   3.6839e+00  -6.8071e+00   3.3800e+00
   3.6486e+00  -6.8261e+00   3.3800e+00
   3.6132e+00  -6.8449e+00   3.3800e+00
   3.5777e+00  -6.8635e+00   3.3800e+00
   3.5421e+00  -6.8820e+00   3.3800e+00
   3.5064e+00  -6.9002e+00   3.3800e+00
   3.4706e+00  -6.9183e+00   3.3800e+00
   3.4347e+00  -6.9362e+00   3.3800e+00
   3.3987e+00  -6.9539e+00   3.3800e+00
   3.3626e+00  -6.9714e+00   3.3800e+00
   3.3752e+00  -6.9974e+00   3.3383e+00
   3.3877e+00  -7.0234e+00   3.2967e+00
   3.4003e+00  -7.0495e+00   3.2550e+00
   3.4128e+00  -7.0755e+00   3.2133e+00
   3.4254e+00  -7.1015e+00   3.1717e+00
   3.4379e+00  -7.1275e+00   3.1300e+00
   3.4505e+00  -7.1535e+00   3.0883e+00
   3.4630e+00  -7.1796e+00   3.0467e+00
   3.4756e+00  -7.2056e+00   3.0050e+00
   3.4881e+00  -7.2316e+00   2.9633e+00
   3.5007e+00  -7.2576e+00   2.9217e+00
   3.5132e+00  -7.2836e+00   2.8800e+00
   3.5258e+00  -7.3097e+00   2.8383e+00
   3.5383e+00  -7.3357e+00   2.7967e+00
   3.5509e+00  -7.3617e+00   2.7550e+00
   3.5634e+00  -7.3877e+00   2.7133e+00
   3.5760e+00  -7.4137e+00   2.6717e+00
   3.5885e+00  -7.4398e+00   2.6300e+00
   7.5312e+00  -3.3925e+00   2.6300e+00
   7.5476e+00  -3.3558e+00   2.6300e+00
   7.5639e+00  -3.3189e+00   2.6300e+00
   7.5800e+00  -3.2820e+00   2.6300e+00
   7.5959e+00  -3.2450e+00   2.6300e+00
   7.6116e+00  -3.2079e+00   2.6300e+00
   7.6272e+00  -3.1708e+00   2.6300e+00
   7.6426e+00  -3.1335e+00   2.6300e+00
   7.6577e+00  -3.0962e+00   2.6300e+00
   7.6728e+00  -3.0588e+00   2.6300e+00
   7.6876e+00  -3.0214e+00   2.6300e+00
   7.7022e+00  -2.9839e+00   2.6300e+00
   7.7167e+00  -2.9463e+00   2.6300e+00
   7.7310e+00  -2.9086e+00   2.6300e+00
   7.7450e+00  -2.8709e+00   2.6300e+00
   7.7590e+00  -2.8331e+00   2.6300e+00
   7.7727e+00  -2.7952e+00   2.6300e+00
   7.7862e+00  -2.7572e+00   2.6300e+00
   7.7996e+00  -2.7192e+00   2.6300e+00
   7.8127e+00  -2.6812e+00   2.6300e+00
   7.8257e+00  -2.6430e+00   2.6300e+00
   7.8385e+00  -2.6048e+00   2.6300e+00
   7.8511e+00  -2.5666e+00   2.6300e+00
   7.8636e+00  -2.5283e+00   2.6300e+00
   7.8758e+00  -2.4899e+00   2.6300e+00
   7.8878e+00  -2.4515e+00   2.6300e+00
   7.8997e+00  -2.4130e+00   2.6300e+00
   7.9114e+00  -2.3744e+00   2.6300e+00
   7.9229e+00  -2.3358e+00   2.6300e+00
   7.9342e+00  -2.2971e+00   2.6300e+00
   7.9453e+00  -2.2584e+00   2.6300e+00
   7.9562e+00  -2.2196e+00   2.6300e+00
   7.9669e+00  -2.1808e+00   2.6300e+00
   7.9774e+00  -2.1419e+00   2.6300e+00
   7.9878e+00  -2.1030e+00   2.6300e+00
   7.9980e+00  -2.0640e+00   2.6300e+00
   8.0079e+00  -2.0250e+00   2.6300e+00
   8.0177e+00  -1.9859e+00   2.6300e+00
   8.0273e+00  -1.9468e+00   2.6300e+00
   8.0367e+00  -1.9076e+00   2.6300e+00
   8.0459e+00  -1.8684e+00   2.6300e+00
   8.0549e+00  -1.8292e+00   2.6300e+00
   8.0637e+00  -1.7899e+00   2.6300e+00
   8.0724e+00  -1.7505e+00   2.6300e+00
   8.0808e+00  -1.7111e+00   2.6300e+00
   8.0891e+00  -1.6717e+00   2.6300e+00
   8.0971e+00  -1.6322e+00   2.6300e+00
   8.1050e+00  -1.5927e+00   2.6300e+00
   8.1127e+00  -1.5532e+00   2.6300e+00
   8.1201e+00  -1.5136e+00   2.6300e+00
   8.1274e+00  -1.4740e+00   2.6300e+00
   8.1345e+00  -1.4343e+00   2.6300e+00
   8.1414e+00  -1.3946e+00   2.6300e+00
   8.1481e+00  -1.3549e+00   2.6300e+00
   8.1546e+00  -1.3152e+00   2.6300e+00
   8.1609e+00  -1.2754e+00   2.6300e+00
   8.1671e+00  -1.2356e+00   2.6300e+00
   8.1730e+00  -1.1957e+00   2.6300e+00
   8.1787e+00  -1.1559e+00   2.6300e+00
   8.1843e+00  -1.1160e+00   2.6300e+00
   8.1896e+00  -1.0760e+00   2.6300e+00
   8.1948e+00  -1.0361e+00   2.6300e+00
   8.1997e+00  -9.9612e-01   2.6300e+00
   8.2045e+00  -9.5612e-01   2.6300e+00
   8.2090e+00  -9.1610e-01   2.6300e+00
   8.2134e+00  -8.7605e-01   2.6300e+00
   8.2176e+00  -8.3599e-01   2.6300e+00
   8.2216e+00  -7.9591e-01   2.6300e+00
   8.2253e+00  -7.5580e-01   2.6300e+00
   8.2289e+00  -7.1568e-01   2.6300e+00
   8.2323e+00  -6.7554e-01   2.6300e+00
   8.2355e+00  -6.3539e-01   2.6300e+00
   8.2385e+00  -5.9522e-01   2.6300e+00
   8.2413e+00  -5.5504e-01   2.6300e+00
   8.2439e+00  -5.1484e-01   2.6300e+00
   8.2464e+00  -4.7463e-01   2.6300e+00
   8.2486e+00  -4.3441e-01   2.6300e+00
   8.2506e+00  -3.9418e-01   2.6300e+00
   8.2524e+00  -3.5394e-01   2.6300e+00
   8.2540e+00  -3.1369e-01   2.6300e+00
   8.2555e+00  -2.7344e-01   2.6300e+00
   8.2567e+00  -2.3318e-01   2.6300e+00
   8.2577e+00  -1.9291e-01   2.6300e+00
   8.2586e+00  -1.5264e-01   2.6300e+00
   8.2592e+00  -1.1236e-01   2.6300e+00
   8.2597e+00  -7.2081e-02   2.6300e+00
   8.2599e+00  -3.1801e-02   2.6300e+00
   8.2600e+00   8.4802e-03   2.6300e+00
   8.2599e+00   4.8761e-02   2.6300e+00
   8.2595e+00   8.9041e-02   2.6300e+00
   8.2590e+00   1.2932e-01   2.6300e+00
   8.2583e+00   1.6959e-01   2.6300e+00
   8.2573e+00   2.0986e-01   2.6300e+00
   8.2562e+00   2.5013e-01   2.6300e+00
   8.2549e+00   2.9039e-01   2.6300e+00
   8.2534e+00   3.3064e-01   2.6300e+00
   8.2517e+00   3.7089e-01   2.6300e+00
   8.2498e+00   4.1112e-01   2.6300e+00
   8.2477e+00   4.5135e-01   2.6300e+00
   8.2454e+00   4.9156e-01   2.6300e+00
   8.2429e+00   5.3177e-01   2.6300e+00
   8.2402e+00   5.7196e-01   2.6300e+00
   8.2373e+00   6.1214e-01   2.6300e+00
   8.2085e+00   6.1000e-01   2.6717e+00
   8.1797e+00   6.0785e-01   2.7133e+00
   8.1509e+00   6.0571e-01   2.7550e+00
   8.1220e+00   6.0357e-01   2.7967e+00
   8.0932e+00   6.0143e-01   2.8383e+00
   8.0644e+00   5.9929e-01   2.8800e+00
   8.0356e+00   5.9715e-01   2.9217e+00
   8.0068e+00   5.9501e-01   2.9633e+00
   7.9780e+00   5.9287e-01   3.0050e+00
   7.9492e+00   5.9073e-01   3.0467e+00
   7.9204e+00   5.8859e-01   3.0883e+00
   7.8916e+00   5.8645e-01   3.1300e+00
   7.8628e+00   5.8430e-01   3.1717e+00
   7.8340e+00   5.8216e-01   3.2133e+00
   7.8051e+00   5.8002e-01   3.2550e+00
   7.7763e+00   5.7788e-01   3.2967e+00
   7.7475e+00   5.7574e-01   3.3383e+00
   7.7187e+00   5.7360e-01   3.3800e+00
   7.7216e+00   5.3360e-01   3.3800e+00
   7.7242e+00   4.9358e-01   3.3800e+00
   7.7267e+00   4.5355e-01   3.3800e+00
   7.7289e+00   4.1351e-01   3.3800e+00
   7.7310e+00   3.7346e-01   3.3800e+00
   7.7328e+00   3.3340e-01   3.3800e+00
   7.7344e+00   2.9333e-01   3.3800e+00
   7.7359e+00   2.5325e-01   3.3800e+00
   7.7371e+00   2.1316e-01   3.3800e+00
   7.7381e+00   1.7307e-01   3.3800e+00
   7.7389e+00   1.3297e-01   3.3800e+00
   7.7394e+00   9.2871e-02   3.3800e+00
   7.7398e+00   5.2769e-02   3.3800e+00
   7.7400e+00   1.2665e-02   3.3800e+00
   7.7400e+00  -2.7440e-02   3.3800e+00
   7.7397e+00  -6.7543e-02   3.3800e+00
   7.7393e+00  -1.0765e-01   3.3800e+00
   7.7386e+00  -1.4774e-01   3.3800e+00
   7.7377e+00  -1.8784e-01   3.3800e+00
   7.7366e+00  -2.2793e-01   3.3800e+00
   7.7354e+00  -2.6801e-01   3.3800e+00
   7.7339e+00  -3.0809e-01   3.3800e+00
   7.7322e+00  -3.4816e-01   3.3800e+00
   7.7303e+00  -3.8822e-01   3.3800e+00
   7.7281e+00  -4.2826e-01   3.3800e+00
   7.7258e+00  -4.6830e-01   3.3800e+00
   7.7233e+00  -5.0833e-01   3.3800e+00
   7.7206e+00  -5.4834e-01   3.3800e+00
   7.7176e+00  -5.8833e-01   3.3800e+00
   7.7145e+00  -6.2831e-01   3.3800e+00
   7.7111e+00  -6.6828e-01   3.3800e+00
   7.7075e+00  -7.0822e-01   3.3800e+00
   7.7038e+00  -7.4815e-01   3.3800e+00
   7.6998e+00  -7.8806e-01   3.3800e+00
   7.6956e+00  -8.2794e-01   3.3800e+00
   7.6912e+00  -8.6780e-01   3.3800e+00
   7.6866e+00  -9.0764e-01   3.3800e+00
   7.6818e+00  -9.4746e-01   3.3800e+00
   7.6768e+00  -9.8725e-01   3.3800e+00
   7.6716e+00  -1.0270e+00   3.3800e+00
   7.6661e+00  -1.0667e+00   3.3800e+00
   7.6605e+00  -1.1065e+00   3.3800e+00
   7.6547e+00  -1.1461e+00   3.3800e+00
   7.6486e+00  -1.1858e+00   3.3800e+00
   7.6424e+00  -1.2254e+00   3.3800e+00
   7.6359e+00  -1.2650e+00   3.3800e+00
   7.6293e+00  -1.3045e+00   3.3800e+00
   7.6224e+00  -1.3440e+00   3.3800e+00
   7.6153e+00  -1.3835e+00   3.3800e+00
   7.6081e+00  -1.4230e+00   3.3800e+00
   7.6006e+00  -1.4624e+00   3.3800e+00
   7.5929e+00  -1.5017e+00   3.3800e+00
   7.5850e+00  -1.5410e+00   3.3800e+00
   7.5770e+00  -1.5803e+00   3.3800e+00
   7.5687e+00  -1.6196e+00   3.3800e+00
   7.5602e+00  -1.6588e+00   3.3800e+00
   7.5515e+00  -1.6979e+00   3.3800e+00
   7.5426e+00  -1.7370e+00   3.3800e+00
   7.5335e+00  -1.7761e+00   3.3800e+00
   7.5242e+00  -1.8151e+00   3.3800e+00
   7.5147e+00  -1.8540e+00   3.3800e+00
   7.5050e+00  -1.8929e+00   3.3800e+00
   7.4950e+00  -1.9318e+00   3.3800e+00
   7.4849e+00  -1.9706e+00   3.3800e+00
   7.4746e+00  -2.0094e+00   3.3800e+00
   7.4641e+00  -2.0481e+00   3.3800e+00
   7.4534e+00  -2.0867e+00   3.3800e+00
   7.4425e+00  -2.1253e+00   3.3800e+00
   7.4314e+00  -2.1639e+00   3.3800e+00
   7.4201e+00  -2.2023e+00   3.3800e+00
   7.4086e+00  -2.2407e+00   3.3800e+00
   7.3968e+00  -2.2791e+00   3.3800e+00
   7.3849e+00  -2.3174e+00   3.3800e+00
   7.3728e+00  -2.3556e+00   3.3800e+00
   7.3605e+00  -2.3938e+00   3.3800e+00
   7.3480e+00  -2.4319e+00   3.3800e+00
   7.3353e+00  -2.4699e+00   3.3800e+00
   7.3224e+00  -2.5079e+00   3.3800e+00
   7.3093e+00  -2.5458e+00   3.3800e+00
   7.2960e+00  -2.5837e+00   3.3800e+00
   7.2826e+00  -2.6214e+00   3.3800e+00
   7.2689e+00  -2.6591e+00   3.3800e+00
   7.2550e+00  -2.6968e+00   3.3800e+00
   7.2409e+00  -2.7343e+00   3.3800e+00
   7.2267e+00  -2.7718e+00   3.3800e+00
   7.2122e+00  -2.8092e+00   3.3800e+00
   7.1976e+00  -2.8465e+00   3.3800e+00
   7.1827e+00  -2.8838e+00   3.3800e+00
   7.1677e+00  -2.9210e+00   3.3800e+00
   7.1524e+00  -2.9581e+00   3.3800e+00
   7.1370e+00  -2.9951e+00   3.3800e+00
   7.1214e+00  -3.0320e+00   3.3800e+00
   7.1056e+00  -3.0689e+00   3.3800e+00
   7.0896e+00  -3.1057e+00   3.3800e+00
   7.0734e+00  -3.1424e+00   3.3800e+00
   7.0570e+00  -3.1790e+00   3.3800e+00
   7.0834e+00  -3.1908e+00   3.3383e+00
   7.1097e+00  -3.2027e+00   3.2967e+00
   7.1361e+00  -3.2146e+00   3.2550e+00
   7.1624e+00  -3.2264e+00   3.2133e+00
   7.1887e+00  -3.2383e+00   3.1717e+00
   7.2151e+00  -3.2502e+00   3.1300e+00
   7.2414e+00  -3.2620e+00   3.0883e+00
   7.2678e+00  -3.2739e+00   3.0467e+00
   7.2941e+00  -3.2858e+00   3.0050e+00
   7.3204e+00  -3.2976e+00   2.9633e+00
   7.3468e+00  -3.3095e+00   2.9217e+00
   7.3731e+00  -3.3213e+00   2.8800e+00
   7.3995e+00  -3.3332e+00   2.8383e+00
   7.4258e+00  -3.3451e+00   2.7967e+00
   7.4521e+00  -3.3569e+00   2.7550e+00
   7.4785e+00  -3.3688e+00   2.7133e+00
   7.5048e+00  -3.3807e+00   2.6717e+00
   7.5312e+00  -3.3925e+00   2.6300e+00